         0          1   0.296598   0.457502
      0.01   0.971775   0.529408   0.685414
      0.02   0.971775   0.530231   0.686103
      0.03   0.971775   0.532221   0.687766
      0.04   0.971775   0.537249    0.69195
      0.05   0.971775   0.542088   0.695952
      0.06   0.971377   0.552382   0.704273
      0.07   0.971099   0.559975    0.71034
      0.08   0.969228   0.572487   0.719809
      0.09   0.968471   0.583126   0.727947
       0.1   0.967635   0.598637    0.73967
      0.11   0.966959   0.617496   0.753689
      0.12   0.965924   0.631539   0.763735
      0.13   0.961624   0.648615   0.774697
      0.14   0.959076   0.659898   0.781844
      0.15   0.953264   0.678064   0.792452
      0.16   0.950995   0.690807   0.800284
      0.17    0.94375   0.707677    0.80884
      0.18   0.936823   0.719243    0.81374
      0.19   0.925876   0.737697   0.821143
       0.2   0.920581   0.749877   0.826507
      0.21    0.91246   0.767289   0.833601
      0.22   0.902946   0.782294   0.838301
      0.23   0.897094   0.793163   0.841933
      0.24     0.8875   0.809348   0.846624
      0.25   0.878782   0.823435   0.850208
      0.26    0.86676   0.840471   0.853413
      0.27    0.85828   0.848115   0.853167
      0.28   0.843312   0.858722   0.850947
      0.29   0.833997   0.867584   0.850459
       0.3   0.816202   0.877848   0.845904
      0.31   0.805892   0.886846   0.844433
      0.32   0.798169   0.893137   0.842986
      0.33   0.780892   0.898752   0.835687
      0.34   0.766959   0.902386   0.829179
      0.35   0.752986   0.909579   0.823908
      0.36   0.742675   0.913158    0.81914
      0.37    0.72289   0.919746   0.809522
      0.38   0.713416   0.922575   0.804625
      0.39   0.691322   0.928784    0.79265
       0.4   0.674124   0.931929   0.782335
      0.41   0.653503   0.933819    0.76891
      0.42   0.639331   0.936142   0.759778
      0.43   0.626274   0.935854   0.750388
      0.44   0.613018   0.937127   0.741189
      0.45   0.601473   0.937296   0.732739
      0.46   0.584793   0.938183   0.720488
      0.47   0.574323   0.938101   0.712463
      0.48   0.558002   0.938816   0.699966
      0.49   0.541799   0.937934   0.686843
       0.5   0.524761   0.937685   0.672928
      0.51   0.517954   0.938838   0.667597
      0.52   0.510589   0.940757   0.661924
      0.53   0.495263   0.941394   0.649059
      0.54   0.489053   0.941482   0.643723
      0.55   0.475119   0.940284   0.631265
      0.56   0.461067   0.938786   0.618412
      0.57   0.452627   0.938144   0.610639
      0.58   0.443869   0.937631   0.602513
      0.59    0.43746   0.936193   0.596289
       0.6   0.427667   0.934759   0.586844
      0.61   0.418153   0.933633   0.577608
      0.62   0.412699    0.93341   0.572342
      0.63   0.407006   0.932512   0.566679
      0.64   0.394188   0.931408   0.553939
      0.65   0.388256    0.93019   0.547845
      0.66   0.382285   0.928839   0.541644
      0.67   0.380573   0.928886   0.539932
      0.68   0.377707   0.928983   0.537057
      0.69   0.373288   0.929129   0.532599
       0.7   0.367675   0.928287   0.526725
      0.71   0.357086   0.926481   0.515491
      0.72   0.353503   0.925156   0.511545
      0.73   0.347691   0.923567   0.505194
      0.74   0.344427   0.923022   0.501659
      0.75   0.339132   0.921091    0.49574
      0.76   0.335748    0.91985   0.491938
      0.77   0.332524   0.918196   0.488234
      0.78   0.330932   0.916732    0.48631
      0.79   0.323806   0.914125   0.478216
       0.8    0.31879    0.91135   0.472351
      0.81   0.314252   0.909091   0.467054
      0.82   0.308798   0.905142   0.460494
      0.83   0.301752   0.901564   0.452165
      0.84    0.28332   0.896518    0.43057
      0.85   0.277508   0.892893   0.423419
      0.86   0.266799   0.887723   0.410289
      0.87   0.254857   0.884074   0.395656
      0.88   0.241481   0.877011   0.378691
      0.89   0.230175   0.873072   0.364305
       0.9   0.221417    0.86983   0.352982
      0.91   0.213137   0.866083   0.342088
      0.92   0.206489   0.865482   0.333428
      0.93   0.199443   0.862385   0.323963
      0.94   0.192277   0.860743   0.314336
      0.95   0.187221   0.858887   0.307429
      0.96   0.183002   0.857339   0.301621
      0.97   0.177269   0.853727   0.293579
      0.98   0.169944   0.851429   0.283335
      0.99   0.167596   0.849711    0.27997
