         0          1   0.295659   0.456384
      0.01    0.99171   0.361049   0.529372
      0.02    0.99171   0.361253   0.529591
      0.03    0.99171   0.361663   0.530031
      0.04    0.99171   0.362602   0.531039
      0.05    0.99171   0.364001   0.532537
      0.06    0.99171   0.366421   0.535123
      0.07    0.99171   0.368515   0.537353
      0.08   0.991553   0.372107   0.541138
      0.09   0.991358    0.37519   0.544361
       0.1    0.99081   0.379463    0.54876
      0.11   0.990537   0.385269   0.554763
      0.12   0.990302   0.389255   0.558846
      0.13   0.989872   0.395876   0.565567
      0.14   0.989402   0.401864   0.571573
      0.15   0.988229   0.409232   0.578785
      0.16     0.9869   0.416304   0.585589
      0.17   0.985844   0.425515    0.59445
      0.18   0.984397   0.431935   0.600418
      0.19   0.980956   0.444152   0.611453
       0.2   0.976028   0.452207   0.618059
      0.21   0.972626   0.466749    0.63079
      0.22   0.969576   0.479494   0.641661
      0.23   0.966839   0.489572   0.650005
      0.24   0.961677   0.503501   0.660951
      0.25   0.957766   0.513883   0.668882
      0.26   0.952057   0.530329   0.681204
      0.27   0.945605   0.540618   0.687933
      0.28   0.938448    0.55514   0.697609
      0.29   0.933795   0.565108   0.704108
       0.3    0.92394   0.582271   0.714354
      0.31   0.911231   0.601108   0.724372
      0.32   0.903997   0.613397    0.73087
      0.33    0.89555    0.63396   0.742385
      0.34   0.888667   0.647329   0.749039
      0.35    0.87717   0.668007   0.758432
      0.36   0.872165   0.683927   0.766661
      0.37    0.85883   0.703604   0.773506
      0.38   0.847137    0.71742   0.776901
      0.39   0.838378   0.736138   0.783938
       0.4   0.825747   0.747793   0.784839
      0.41   0.813859   0.768937   0.790761
      0.42   0.800759   0.784944   0.792773
      0.43   0.796809   0.796023   0.796416
      0.44   0.782731   0.812271   0.797228
      0.45   0.776122   0.823816   0.799258
      0.46   0.763413   0.838307   0.799109
      0.47   0.753637   0.846556   0.797399
      0.48   0.743469   0.858315   0.796775
      0.49   0.736157   0.864355   0.795122
       0.5   0.727202   0.872928   0.793429
      0.51   0.715275   0.882482   0.790129
      0.52    0.70675   0.887987    0.78707
      0.53   0.696152   0.897615    0.78415
      0.54   0.686258   0.904847   0.780538
      0.55   0.674136   0.912773   0.775511
      0.56   0.665142   0.916507    0.77085
      0.57   0.647231   0.924842   0.761525
      0.58   0.638081   0.931141   0.757246
      0.59   0.626818   0.942034    0.75276
       0.6    0.61845   0.945858   0.747891
      0.61   0.606757   0.950187   0.740596
      0.62   0.592679   0.955305   0.731519
      0.63   0.584819    0.95716   0.726035
      0.64   0.570077   0.961066    0.71565
      0.65   0.563116   0.963522    0.71081
      0.66   0.550055   0.966522   0.701105
      0.67   0.538089   0.969724   0.692125
      0.68    0.53105    0.97326   0.687158
      0.69    0.52448    0.97627   0.682371
       0.7   0.517988   0.979462   0.677618
      0.71    0.50133   0.982097   0.663807
      0.72   0.494095   0.984227    0.65791
      0.73   0.482598   0.985761    0.64797
      0.74   0.472939   0.985947   0.639245
      0.75   0.457688   0.988214   0.625622
      0.76   0.447364   0.988499   0.615963
      0.77   0.428125   0.987844   0.597358
      0.78     0.4187   0.988786    0.58829
      0.79   0.407399   0.988435   0.576984
       0.8   0.395081   0.988827   0.564584
      0.81   0.382684   0.989115   0.551857
      0.82   0.370327   0.990181    0.53905
      0.83    0.36626   0.989907   0.534688
      0.84   0.354176    0.99183   0.521963
      0.85   0.344361   0.991525   0.511185
      0.86   0.334546   0.991143   0.500242
      0.87   0.324222   0.991728   0.488681
      0.88   0.313546   0.991321   0.476408
      0.89    0.30377      0.992   0.465113
       0.9   0.295284    0.99267   0.455171
      0.91   0.282066   0.992316    0.43927
      0.92   0.277256   0.992108   0.433395
      0.93   0.263882   0.992849   0.416947
      0.94   0.253832   0.992611   0.404281
      0.95   0.242218   0.996124   0.389681
      0.96   0.235179   0.996032   0.380513
      0.97   0.229822   0.995896    0.37346
      0.98    0.22204   0.995745    0.36311
      0.99   0.215353   0.995536   0.354106
