         0          1   0.168956   0.289072
      0.01   0.949951   0.266621   0.416378
      0.02   0.949951    0.26678   0.416572
      0.03   0.949951   0.267583   0.417551
      0.04   0.949951   0.269364   0.419715
      0.05   0.949705   0.271176   0.421887
      0.06   0.949376   0.274664   0.426064
      0.07   0.948228   0.277794   0.429702
      0.08   0.947735   0.283559   0.436514
      0.09   0.947489    0.28778   0.441472
       0.1   0.946423   0.292677   0.447093
      0.11   0.938628   0.298759   0.453251
      0.12   0.935921   0.303676   0.458563
      0.13   0.929029   0.309814   0.464669
      0.14   0.923121   0.313284   0.467806
      0.15   0.915245   0.320952   0.475247
      0.16   0.910486   0.323403   0.477278
      0.17   0.904168   0.329213   0.482679
      0.18   0.898179    0.33194   0.484736
      0.19   0.885297   0.338661   0.489911
       0.2   0.879882   0.342572   0.493144
      0.21   0.862652   0.349326   0.497281
      0.22   0.850755    0.35758   0.503524
      0.23   0.847883   0.361967   0.507345
      0.24    0.83615   0.369129   0.512159
      0.25   0.831474   0.372613    0.51461
      0.26    0.81933   0.376723   0.516132
      0.27   0.814408   0.379569   0.517805
      0.28   0.799639   0.381349   0.516418
      0.29   0.787742   0.382898   0.515316
       0.3   0.779209   0.389698   0.519556
      0.31   0.762061   0.394231    0.51964
      0.32   0.748277   0.395066   0.517113
      0.33   0.727683   0.396296   0.513138
      0.34   0.720627   0.398317   0.513052
      0.35   0.698884   0.405225   0.513002
      0.36   0.692566   0.408846   0.514163
      0.37   0.672383   0.413762   0.512282
      0.38   0.655399   0.416492   0.509321
      0.39   0.639728   0.423349   0.509517
       0.4    0.63661   0.427564   0.511554
      0.41   0.616836   0.428571   0.505752
      0.42   0.603709   0.433607   0.504711
      0.43   0.598293   0.437745    0.50558
      0.44   0.586725   0.443572   0.505203
      0.45   0.580899   0.447101   0.505293
      0.46   0.566377   0.452277   0.502937
      0.47   0.560798   0.456005   0.503001
      0.48   0.552593   0.462434   0.503509
      0.49   0.545126   0.465805   0.502354
       0.5   0.539547   0.469884   0.502312
      0.51   0.526994    0.47121   0.497543
      0.52   0.520594   0.472336   0.495292
      0.53   0.513046   0.472402   0.491886
      0.54   0.510584   0.474524   0.491894
      0.55   0.502461   0.477823   0.489832
      0.56   0.498687   0.480477   0.489413
      0.57    0.49278   0.480656   0.486642
      0.58    0.48597   0.480224    0.48308
      0.59   0.476698   0.481678   0.479175
       0.6   0.474155   0.484957   0.479495
      0.61   0.468986   0.486636   0.477648
      0.62   0.460371   0.486243   0.472953
      0.63   0.452576   0.484731   0.468102
      0.64   0.436577   0.479156   0.456877
      0.65    0.42747   0.479897   0.452169
      0.66   0.423449   0.481247   0.450502
      0.67   0.414096   0.480759   0.444944
      0.68   0.410075   0.480759   0.442613
      0.69   0.408188   0.480912   0.441576
       0.7   0.393994   0.479976   0.432756
      0.71   0.390712   0.484773    0.43269
      0.72   0.385707    0.48852   0.431068
      0.73   0.376108   0.484427    0.42345
      0.74   0.372415   0.484642   0.421181
      0.75    0.36577   0.485694   0.417286
      0.76   0.359862   0.486686   0.413774
      0.77   0.347391   0.485692   0.405062
      0.78   0.343535   0.487302   0.402979
      0.79   0.332622   0.488946   0.395912
       0.8   0.323269   0.491182   0.389916
      0.81   0.309567   0.494826   0.380863
      0.82   0.295044   0.499006    0.37083
      0.83   0.288398   0.501548   0.366216
      0.84   0.282573   0.506011   0.362637
      0.85   0.276009   0.500565   0.355821
      0.86   0.265179   0.501792   0.346987
      0.87   0.262635   0.506173   0.345831
      0.88   0.239662   0.501344   0.324297
      0.89   0.231293   0.501408   0.316561
       0.9   0.221776   0.508271   0.308808
      0.91   0.217673   0.528548   0.308356
      0.92   0.208976   0.534483   0.300472
      0.93   0.195438   0.543233   0.287458
      0.94    0.18469    0.54672   0.276107
      0.95     0.1787   0.545064   0.269157
      0.96   0.170331   0.545455   0.259597
      0.97   0.159911   0.554479   0.248233
      0.98   0.153676   0.562025   0.241357
      0.99   0.148671   0.574586   0.236221
