         0          1   0.337394   0.504555
      0.01   0.905224   0.384373   0.539616
      0.02   0.905224   0.384764   0.540001
      0.03   0.905224   0.385413    0.54064
      0.04   0.905139   0.386896   0.542083
      0.05   0.905139   0.388252   0.543412
      0.06   0.905139   0.391157   0.546251
      0.07   0.905053   0.392794   0.547829
      0.08   0.904454    0.39586   0.550694
      0.09   0.901416   0.399109   0.553258
       0.1   0.898293   0.403429   0.556797
      0.11   0.893543   0.410569   0.562622
      0.12    0.89119   0.414583   0.565906
      0.13   0.886826   0.421278   0.571209
      0.14   0.880921   0.426193    0.57446
      0.15   0.869069   0.434121   0.579011
      0.16   0.862436   0.441209   0.583771
      0.17   0.847503   0.452229   0.589761
      0.18   0.835822   0.460343   0.593697
      0.19    0.80985   0.473486   0.597587
       0.2    0.79543   0.481704   0.600034
      0.21   0.772753   0.496937   0.604887
      0.22   0.752899   0.509894   0.608015
      0.23   0.733559   0.519674   0.608365
      0.24   0.710282   0.535023    0.61032
      0.25   0.695049   0.543149   0.609782
      0.26   0.670104   0.557542   0.608663
      0.27   0.651106    0.56414   0.604511
      0.28   0.628428   0.580991   0.603779
      0.29   0.610714   0.590063   0.600211
       0.3   0.583972   0.599879   0.591818
      0.31   0.562791   0.613171   0.586902
      0.32   0.550083   0.620064   0.582981
      0.33   0.532369   0.633508   0.578552
      0.34   0.523298   0.644152    0.57747
      0.35   0.502118   0.657355   0.569344
      0.36   0.493004   0.665365   0.566361
      0.37   0.474605   0.684434   0.560526
      0.38   0.466946   0.698545   0.559735
      0.39   0.449831   0.721533   0.554171
       0.4   0.440033   0.734232   0.550278
      0.41   0.429721     0.7518   0.546861
      0.42   0.418638   0.760588   0.540034
      0.43   0.412605   0.768123   0.536841
      0.44   0.400881   0.777123   0.528919
      0.45     0.3895   0.784143   0.520471
      0.46   0.376621   0.792676   0.510629
      0.47   0.371957   0.794248   0.506645
      0.48    0.36541    0.80244   0.502153
      0.49   0.358008   0.812007   0.496925
       0.5   0.347396   0.818008   0.487681
      0.51   0.335245   0.831309   0.477804
      0.52   0.331394   0.836225   0.474675
      0.53   0.323264   0.842411   0.467233
      0.54   0.320782   0.842847   0.464702
      0.55   0.313679    0.84839   0.458015
      0.56   0.309529   0.854369   0.454425
      0.57   0.297548   0.858854   0.441975
      0.58   0.287022    0.86067   0.430484
      0.59   0.275384    0.86985    0.41833
       0.6   0.271234      0.875   0.414103
      0.61   0.261735   0.882474   0.403727
      0.62   0.250053   0.887202   0.390146
      0.63   0.242651   0.893836   0.381685
      0.64   0.232981   0.906667   0.370704
      0.65    0.22913   0.913534   0.366369
      0.66   0.218348   0.911141   0.352275
      0.67   0.214026   0.915862   0.346969
      0.68   0.204869   0.918248   0.334998
      0.69   0.201018    0.92261   0.330112
       0.7   0.194001   0.933333   0.321232
      0.71   0.183261   0.932759   0.306336
      0.72   0.177357   0.935252    0.29817
      0.73   0.172864    0.93621   0.291841
      0.74   0.169098   0.935421    0.28642
      0.75   0.164178   0.935417    0.27933
      0.76   0.154936   0.934211   0.265791
      0.77   0.146506   0.933174   0.253253
      0.78   0.138334   0.932331   0.240921
      0.79    0.13367   0.928191   0.233686
       0.8   0.127936   0.925926    0.22481
      0.81    0.11925   0.926829   0.211312
      0.82   0.108639       0.93   0.194551
      0.83  0.0965299   0.925532   0.174826
      0.84  0.0855761   0.923077   0.156631
      0.85  0.0787728   0.919355   0.145112
      0.86  0.0756065   0.923077   0.139765
      0.87  0.0717556   0.923423   0.133164
      0.88  0.0669633   0.930693   0.124937
      0.89  0.0650379   0.928571   0.121561
       0.9  0.0633691   0.931217   0.118663
      0.91  0.0622139   0.934426    0.11666
      0.92  0.0605023   0.937143   0.113666
      0.93  0.0583201   0.939394   0.109822
      0.94  0.0574216   0.943038   0.108252
      0.95  0.0560096   0.946667   0.105762
      0.96  0.0534423   0.952055   0.101204
      0.97  0.0519019   0.970803  0.0985358
      0.98  0.0501904   0.970588  0.0954452
      0.99  0.0484361   0.976923  0.0922961
