         0          1   0.223995   0.366006
      0.01   0.951248   0.270877   0.421677
      0.02   0.951248   0.271025   0.421856
      0.03   0.951248   0.271321   0.422215
      0.04   0.951248   0.271936   0.422959
      0.05   0.951248   0.272674   0.423852
      0.06   0.951248   0.274406   0.425941
      0.07   0.951119   0.275916   0.427745
      0.08    0.95099   0.278649   0.431008
      0.09   0.950861   0.280536   0.433249
       0.1   0.950667   0.284687   0.438162
      0.11   0.950538   0.289197    0.44347
      0.12   0.949313   0.291986   0.446607
      0.13   0.947701   0.296241   0.451384
      0.14   0.944735   0.299497   0.454811
      0.15    0.94093   0.306213   0.462056
      0.16   0.938286   0.310802   0.466935
      0.17   0.935642   0.317375   0.473975
      0.18    0.93403   0.323032   0.480042
      0.19   0.929064   0.330576   0.487641
       0.2   0.925904   0.336922   0.494062
      0.21    0.92268   0.345167   0.502393
      0.22   0.912104    0.35442   0.510481
      0.23   0.904946   0.361063   0.516178
      0.24   0.894177   0.368526    0.52194
      0.25    0.88934   0.375612   0.528157
      0.26   0.880054   0.383653   0.534357
      0.27   0.872961    0.38914   0.538315
      0.28   0.859999   0.400301   0.546312
      0.29   0.852647   0.408851   0.552685
       0.3   0.839427   0.418502    0.55854
      0.31   0.818727   0.431827   0.565427
      0.32   0.808732   0.441153   0.570891
      0.33   0.798801   0.453886   0.578859
      0.34   0.788805   0.463627   0.584002
      0.35   0.765461   0.476113   0.587071
      0.36   0.753918   0.485967   0.590989
      0.37    0.73857   0.500365   0.596568
      0.38   0.726124   0.507815   0.597658
      0.39   0.714387   0.522376   0.603476
       0.4   0.706455   0.531654   0.606715
      0.41   0.691946   0.543468   0.608785
      0.42   0.673696   0.552978   0.607397
      0.43   0.666409   0.559831   0.608488
      0.44   0.643258   0.570486    0.60469
      0.45   0.633069   0.577198   0.603844
      0.46   0.618817   0.586608   0.602283
      0.47   0.606629   0.593323   0.599902
      0.48   0.585542   0.604059   0.594657
      0.49     0.5789    0.60913    0.59363
       0.5   0.567163   0.616708   0.590899
      0.51   0.558909   0.625549   0.590354
      0.52   0.553492   0.632815   0.590502
      0.53   0.547043   0.639793   0.589794
      0.54   0.538724   0.644005   0.586679
      0.55   0.520926   0.648003   0.577557
      0.56   0.509125    0.65573   0.573202
      0.57   0.495776   0.663494   0.567503
      0.58   0.487586   0.668979   0.564058
      0.59   0.472496   0.678553   0.557081
       0.6   0.469401   0.683784   0.556665
      0.61   0.455923   0.695205   0.550695
      0.62   0.444638   0.702217   0.544502
      0.63    0.43806   0.705736   0.540577
      0.64   0.418134   0.710183   0.526362
      0.65   0.409944   0.716116   0.521406
      0.66   0.403882   0.724803   0.518719
      0.67    0.39969   0.731618    0.51696
      0.68   0.384343   0.729375   0.503413
      0.69   0.377765   0.736211   0.499319
       0.7   0.363642   0.747019   0.489164
      0.71   0.346037   0.747075    0.47299
      0.72   0.340233       0.75   0.468111
      0.73    0.32869   0.750491    0.45716
      0.74   0.321468       0.75   0.450038
      0.75   0.306378   0.756608   0.436145
      0.76   0.290127   0.757506   0.419561
      0.77    0.28226   0.767922   0.412792
      0.78   0.273102   0.771176    0.40336
      0.79   0.267815   0.777181   0.398357
       0.8   0.256658    0.78267   0.386555
      0.81   0.248855   0.801214   0.379759
      0.82   0.240343   0.807754   0.370458
      0.83   0.233701   0.824027   0.364131
      0.84   0.225124   0.835106   0.354645
      0.85   0.219449   0.848148   0.348681
      0.86   0.211324    0.85098   0.338571
      0.87     0.2081   0.851927   0.334493
      0.88   0.199071   0.860566   0.323345
      0.89   0.193203   0.866817   0.315978
       0.9   0.190301   0.869464   0.312258
      0.91   0.183337   0.875931    0.30321
      0.92   0.175405    0.87766   0.292376
      0.93   0.164506       0.88   0.277194
      0.94   0.162185    0.89881   0.274786
      0.95   0.151093   0.909091    0.25912
      0.96   0.143032   0.916955   0.247464
      0.97   0.133295   0.923077   0.232951
      0.98   0.127168   0.921569   0.223496
      0.99   0.118205   0.932773    0.20982
