         0          1   0.193017   0.323578
      0.01   0.928645   0.257594   0.403315
      0.02   0.928645   0.260087   0.406364
      0.03   0.928645   0.263158   0.410102
      0.04   0.928645   0.269455   0.417708
      0.05   0.928645   0.275247   0.424634
      0.06   0.928645   0.285036   0.436189
      0.07   0.927796   0.293362   0.445774
      0.08   0.924944    0.30928   0.463557
      0.09   0.921728   0.320669   0.475805
       0.1   0.919604   0.340013   0.496464
      0.11   0.912505   0.359534   0.515828
      0.12    0.91026   0.373691   0.529858
      0.13   0.905467   0.391254   0.546405
      0.14   0.901462     0.4023   0.556326
      0.15   0.886172   0.417731   0.567805
      0.16   0.877131   0.430588    0.57762
      0.17   0.864753   0.447656   0.589926
      0.18   0.856623   0.459133   0.597837
      0.19   0.836114   0.477286   0.607683
       0.2   0.826285   0.497819   0.621311
      0.21   0.808325   0.526328   0.637535
      0.22   0.792003   0.559167   0.655524
      0.23   0.781324   0.577676   0.664242
      0.24   0.770706   0.604906   0.677814
      0.25   0.754869   0.616061   0.678438
      0.26   0.744008   0.643139   0.689906
      0.27   0.734725   0.663066   0.697059
      0.28   0.715794   0.679511   0.697181
      0.29   0.704751   0.693318   0.698988
       0.3   0.688004   0.710342   0.698995
      0.31   0.667617   0.733626   0.699067
      0.32   0.658395   0.745872   0.699408
      0.33    0.64632   0.766829   0.701436
      0.34   0.638068   0.775241   0.699998
      0.35   0.622232   0.801096   0.700425
      0.36   0.609672   0.814815   0.697472
      0.37    0.60142   0.838845   0.700563
      0.38    0.59602   0.850682   0.700937
      0.39   0.586918   0.872396   0.701734
       0.4   0.578424   0.885965     0.6999
      0.41   0.572174   0.906183   0.701447
      0.42    0.55749   0.924471   0.695543
      0.43    0.54754   0.937844   0.691413
      0.44   0.534919   0.951586   0.684857
      0.45   0.519689   0.958369    0.67393
      0.46   0.509192   0.964253   0.666452
      0.47   0.505248   0.972744   0.665061
      0.48   0.497543   0.978537   0.659671
      0.49    0.49196   0.982811     0.6557
       0.5   0.479279   0.986081    0.64504
      0.51   0.459438   0.987654   0.627142
      0.52   0.455312   0.988453   0.623446
      0.53   0.433287   0.995098   0.603707
      0.54   0.425217   0.996212   0.596029
      0.55   0.413628   0.996073   0.584526
      0.56   0.406407   0.995962   0.577261
      0.57   0.391602   0.997218   0.562367
      0.58   0.384018   0.998573   0.554712
      0.59   0.366604   0.998536   0.536307
       0.6   0.362357   0.998503   0.531744
      0.61   0.356714   0.998476   0.525639
      0.62   0.345367    0.99842   0.513209
      0.63   0.337783   0.998392   0.504784
      0.64   0.330562   0.998347   0.496672
      0.65   0.324495   0.998328   0.489789
      0.66    0.31509   0.998288   0.478995
      0.67    0.31327   0.998273   0.476887
      0.68   0.304957   0.998239    0.46719
      0.69   0.293732   0.998214   0.453901
       0.7    0.28997   0.998185   0.449393
      0.71    0.28366   0.998145   0.441774
      0.72   0.282446   0.998138     0.4403
      0.73   0.275408   0.998102   0.431697
      0.74   0.268794   0.998077   0.423528
      0.75   0.262363   0.998031   0.415499
      0.76   0.259572   0.997996   0.411988
      0.77   0.257873   0.997972   0.409843
      0.78   0.251805   0.997938    0.40214
      0.79   0.247618   0.997908   0.396781
       0.8   0.245677   0.997881   0.394282
      0.81   0.241187    0.99784   0.388476
      0.82   0.239427   0.997817   0.386188
      0.83   0.232085   0.997783   0.376578
      0.84   0.228748   0.997743   0.372171
      0.85   0.225472   0.997706    0.36782
      0.86   0.217766   0.997608   0.357495
      0.87   0.212002   0.997537   0.349686
      0.88   0.206359   0.997462    0.34197
      0.89   0.198228   0.997423   0.330728
       0.9   0.197075   0.997382   0.329119
      0.91   0.195559   0.997347   0.326999
      0.92    0.19477   0.997326   0.325895
      0.93   0.192403   0.997283   0.322573
      0.94    0.18852   0.997245   0.317096
      0.95   0.182392   0.997191   0.308379
      0.96   0.181482   0.997159   0.307076
      0.97   0.179601          1   0.304511
      0.98   0.178387          1   0.302765
      0.99   0.171531          1   0.292832
