         0          1   0.230724    0.37494
      0.01   0.822559   0.203225   0.325926
      0.02   0.822559   0.203345    0.32608
      0.03   0.822559   0.203566   0.326364
      0.04   0.822559   0.204141   0.327103
      0.05    0.82239   0.204633   0.327721
      0.06   0.820528   0.205435   0.328599
      0.07   0.818243   0.206399   0.329646
      0.08   0.815282   0.208056   0.331511
      0.09   0.810205   0.209187   0.332521
       0.1   0.794889   0.210545    0.33291
      0.11   0.776189   0.213065   0.334351
      0.12    0.76925   0.214675   0.335674
      0.13   0.757235   0.217835    0.33834
      0.14   0.744035   0.218637   0.337963
      0.15   0.727619   0.221405   0.339503
      0.16   0.704603   0.223611   0.339484
      0.17   0.681926   0.227361   0.341022
      0.18   0.661449   0.231067    0.34249
      0.19   0.647402   0.234524   0.344318
       0.2   0.630225   0.236522   0.343957
      0.21   0.609156   0.239564   0.343887
      0.22   0.595109   0.242764   0.344852
      0.23   0.583517   0.244388   0.344495
      0.24    0.56837   0.248343   0.345655
      0.25   0.554662   0.250146   0.344794
      0.26   0.537993   0.253845   0.344937
      0.27     0.5242   0.255784   0.343807
      0.28   0.509477   0.258462   0.342945
      0.29     0.4978    0.26028   0.341831
       0.3   0.479607   0.259269   0.336585
      0.31   0.464376   0.260083   0.333425
      0.32   0.450922   0.260479   0.330209
      0.33   0.431714   0.263358   0.327147
      0.34   0.418599   0.264211   0.323951
      0.35   0.409629   0.265963    0.32252
      0.36   0.388983   0.267017   0.316661
      0.37    0.37536   0.268563   0.313105
      0.38   0.369436   0.270744   0.312483
      0.39   0.358013   0.272835   0.309674
       0.4   0.354121   0.274458   0.309241
      0.41   0.343205    0.27744   0.306839
      0.42   0.322813   0.276635   0.297945
      0.43    0.31909   0.280664   0.298646
      0.44   0.308343   0.282826   0.295034
      0.45   0.303689   0.283997   0.293513
      0.46    0.29142   0.286573   0.288976
      0.47   0.275766   0.287504   0.281512
      0.48   0.268827   0.291931   0.279903
      0.49    0.26265   0.293161   0.277068
       0.5   0.254358   0.297364   0.274185
      0.51   0.245896   0.298585   0.269691
      0.52   0.231088   0.300194   0.261147
      0.53   0.223896   0.307122   0.258987
      0.54   0.218734   0.309411   0.256289
      0.55   0.212388   0.312329   0.252841
      0.56   0.205534   0.313511   0.248291
      0.57   0.195211   0.317743   0.241842
      0.58   0.189457   0.316596   0.237055
      0.59   0.179218    0.32047   0.229879
       0.6    0.17778   0.325175    0.22988
      0.61   0.168218   0.326019   0.221927
      0.62   0.158318   0.331779   0.214352
      0.63   0.153495   0.337526   0.211024
      0.64   0.150364   0.345954    0.20962
      0.65   0.146471   0.347254   0.206037
      0.66   0.139956   0.353909   0.200588
      0.67   0.136656   0.358003   0.197806
      0.68   0.128871   0.360626   0.189886
      0.69    0.12794   0.363636   0.189284
       0.7   0.125571   0.371755   0.187731
      0.71   0.120833   0.378348   0.183167
      0.72   0.118379   0.383707   0.180936
      0.73   0.112794   0.388398   0.174819
      0.74    0.10924   0.390957   0.170766
      0.75   0.106025   0.400287   0.167645
      0.76    0.10374   0.400598   0.164802
      0.77   0.102048   0.406557   0.163145
      0.78  0.0954476   0.411559   0.154958
      0.79  0.0921476   0.422481   0.151296
       0.8  0.0845321   0.427105   0.141132
      0.81  0.0805551   0.438053   0.136085
      0.82  0.0744627   0.445238   0.127587
      0.83  0.0706549   0.458647   0.122447
      0.84  0.0664241   0.478261   0.116647
      0.85  0.0661702   0.485714   0.116473
      0.86  0.0592317   0.495356   0.105811
      0.87  0.0590624   0.511327   0.105893
      0.88  0.0575393   0.534296   0.103891
      0.89  0.0560162   0.531599   0.101353
       0.9  0.0539008   0.544355  0.0980891
      0.91  0.0480623   0.555085  0.0884648
      0.92  0.0469623   0.561404  0.0866741
      0.93  0.0437468   0.564593  0.0812018
      0.94  0.0436622   0.594872  0.0813533
      0.95  0.0361313   0.602273  0.0681728
      0.96  0.0336774   0.613497  0.0638499
      0.97   0.033339   0.632258  0.0633381
      0.98   0.032662   0.657534  0.0622328
      0.99  0.0317313   0.678832  0.0606285
