         0          1   0.150167   0.261123
      0.01    0.86735   0.162359   0.273518
      0.02    0.86735   0.162656   0.273939
      0.03    0.86735    0.16307   0.274526
      0.04    0.86716   0.163704   0.275415
      0.05    0.86716   0.163356   0.274921
      0.06   0.862321   0.164506   0.276302
      0.07   0.862226   0.165429   0.277597
      0.08   0.861182   0.165953    0.27828
      0.09   0.859474   0.166639   0.279154
       0.1   0.855964   0.168447   0.281498
      0.11   0.853307   0.169431   0.282725
      0.12   0.849796   0.170469   0.283973
      0.13    0.84268   0.173186   0.287322
      0.14   0.838599   0.174464   0.288838
      0.15   0.826929   0.175734   0.289867
      0.16   0.821046   0.178178   0.292812
      0.17   0.806623   0.180681   0.295232
      0.18   0.800645   0.182703   0.297515
      0.19   0.794762   0.187535   0.303463
       0.2   0.787931   0.189903   0.306045
      0.21   0.780719   0.192612   0.308993
      0.22    0.75956   0.193644   0.308611
      0.23   0.750925   0.195288   0.309965
      0.24    0.73024   0.195908   0.308936
      0.25   0.716102   0.195611   0.307284
      0.26   0.699497   0.198441   0.309173
      0.27   0.687542   0.198391   0.307929
      0.28   0.660309   0.198838   0.305639
      0.29   0.652149   0.199695   0.305762
       0.3   0.628997   0.199951   0.303441
      0.31   0.602239   0.198024   0.298046
      0.32   0.567986   0.196282   0.291744
      0.33   0.550906   0.195219   0.288282
      0.34   0.529177   0.194947   0.284928
      0.35   0.511529   0.196656   0.284093
      0.36   0.497106   0.196828   0.281999
      0.37   0.481545     0.1988    0.28142
      0.38   0.465604   0.198617   0.278452
      0.39    0.44378   0.197973   0.273802
       0.4   0.435051   0.199367   0.273431
      0.41   0.421672    0.19957   0.270919
      0.42   0.409906    0.19959   0.268462
      0.43   0.399658    0.20038   0.266928
      0.44   0.380492   0.199643   0.261879
      0.45   0.376222   0.199493   0.260732
      0.46   0.365879   0.200096   0.258708
      0.47   0.359142   0.200796    0.25758
      0.48   0.346902   0.200725   0.254304
      0.49   0.342063    0.20016   0.252543
       0.5   0.334472   0.202939   0.252609
      0.51   0.328115   0.204683   0.252102
      0.52   0.320524   0.206241   0.250985
      0.53   0.316918   0.210006   0.252616
      0.54   0.312458   0.211899   0.252537
      0.55    0.30278   0.214144   0.250863
      0.56   0.300503   0.215327   0.250883
      0.57   0.296233   0.213404   0.248088
      0.58   0.288452   0.210793   0.243583
      0.59   0.283993    0.21353   0.243772
       0.6   0.279059   0.213725   0.242061
      0.61   0.267767   0.210848   0.235923
      0.62   0.260746   0.210302   0.232823
      0.63   0.253724   0.208988   0.229193
      0.64   0.241389   0.205748   0.222148
      0.65   0.235696   0.204673   0.219092
      0.66   0.222412   0.203291   0.212422
      0.67   0.221178    0.20467   0.212604
      0.68   0.213113   0.203173   0.208024
      0.69   0.211121   0.204914   0.207971
       0.7   0.203625   0.202174   0.202897
      0.71   0.198596   0.199324   0.198959
      0.72   0.196034   0.199654   0.197827
      0.73   0.188063   0.198928   0.193343
      0.74   0.184837   0.196126   0.190314
      0.75   0.180473   0.195366   0.187624
      0.76    0.17013   0.190689   0.179824
      0.77   0.162349     0.1891   0.174707
      0.78    0.16216   0.191049   0.175423
      0.79   0.158364   0.187803   0.171832
       0.8   0.154474   0.188119   0.169644
      0.81   0.152197   0.185455   0.167188
      0.82   0.147073   0.180503   0.162082
      0.83   0.143657   0.180404   0.159947
      0.84   0.140905   0.178313   0.157417
      0.85   0.139672   0.177869   0.156473
      0.86   0.134927      0.175   0.152373
      0.87   0.130278   0.171986   0.148254
      0.88   0.121833   0.168508   0.141419
      0.89   0.115855   0.164605   0.135993
       0.9   0.104944   0.161453   0.127205
      0.91   0.102477   0.162791   0.125777
      0.92   0.100579   0.162716   0.124315
      0.93  0.0971629   0.163311   0.121838
      0.94  0.0969731   0.163406   0.121715
      0.95  0.0958345   0.166065   0.121533
      0.96  0.0956447   0.167694   0.121813
      0.97  0.0918493   0.163424   0.117602
      0.98  0.0900465   0.160643   0.115404
      0.99  0.0866306   0.160443   0.112511
