         0          1   0.282356    0.44037
      0.01   0.895439   0.345432   0.498542
      0.02   0.895439   0.345934   0.499065
      0.03   0.895439   0.346765   0.499929
      0.04   0.895439   0.348989   0.502236
      0.05   0.895439   0.350376   0.503671
      0.06   0.895439   0.353106   0.506485
      0.07   0.895439   0.354963   0.508393
      0.08   0.894651   0.358063   0.511435
      0.09   0.894088   0.360024    0.51334
       0.1   0.893074   0.362975   0.516164
      0.11   0.889245   0.367113   0.519682
      0.12    0.88598    0.36999   0.521993
      0.13   0.880912   0.374619   0.525684
      0.14   0.878773   0.378331   0.528941
      0.15   0.871284   0.384587   0.533629
      0.16   0.865878   0.387644   0.535535
      0.17   0.855968   0.393146   0.538815
      0.18   0.846791   0.396653   0.540245
      0.19   0.831982   0.400085   0.540333
       0.2   0.818187   0.402192   0.539289
      0.21   0.807207   0.406532   0.540735
      0.22   0.787725   0.411406   0.540516
      0.23   0.778885    0.41385   0.540508
      0.24   0.761543   0.416761   0.538709
      0.25    0.75107   0.418661   0.537634
      0.26    0.73277   0.422053   0.535611
      0.27   0.720383   0.424269   0.534025
      0.28   0.706306   0.428438   0.533351
      0.29   0.697804   0.431904   0.533561
       0.3    0.67545   0.434862    0.52909
      0.31   0.660079   0.438292   0.526794
      0.32   0.643694   0.439611   0.522429
      0.33   0.621791     0.4406   0.515744
      0.34   0.607827   0.443744   0.512984
      0.35   0.593637    0.44915   0.511384
      0.36   0.581982   0.451382   0.508429
      0.37    0.56464    0.45538   0.504158
      0.38   0.547748   0.457068   0.498316
      0.39   0.535417   0.463368   0.496794
       0.4    0.52348   0.465213   0.492629
      0.41   0.511318   0.468342   0.488887
      0.42   0.491441   0.471528   0.481279
      0.43   0.482489   0.471577    0.47697
      0.44   0.463007   0.477228    0.47001
      0.45   0.451014   0.478509   0.464355
      0.46   0.431363   0.481132    0.45489
      0.47   0.415709   0.482828   0.446762
      0.48   0.399099   0.488292   0.439213
      0.49    0.39223   0.493889   0.437228
       0.5   0.375845    0.49734    0.42814
      0.51   0.366329   0.503604   0.424135
      0.52   0.357151   0.506523    0.41892
      0.53   0.340203    0.51257   0.408966
      0.54   0.330405   0.513631   0.402131
      0.55   0.315484   0.517135   0.391891
      0.56     0.3058   0.520625   0.385291
      0.57   0.299212   0.527119   0.381736
      0.58   0.294257   0.529437   0.378273
      0.59   0.284741   0.535484   0.371786
       0.6   0.280574   0.533302   0.367699
      0.61   0.269595   0.536341   0.358824
      0.62   0.264358   0.538021   0.354521
      0.63    0.25732    0.53756    0.34804
      0.64   0.249324   0.538972   0.340935
      0.65    0.24589   0.534937   0.336913
      0.66   0.238964   0.534814   0.330331
      0.67   0.235642   0.537415   0.327628
      0.68   0.228547   0.540909   0.321326
      0.69   0.225169   0.542056   0.318171
       0.7   0.218356   0.544944   0.311782
      0.71   0.211149   0.548148   0.304863
      0.72   0.208896   0.545872   0.302161
      0.73    0.20411   0.545092   0.297006
      0.74   0.201351    0.54717   0.294376
      0.75   0.189414   0.544206   0.281019
      0.76   0.188851   0.543612   0.280319
      0.77   0.183896   0.544527   0.274941
      0.78   0.182207   0.545019    0.27311
      0.79   0.177196   0.546653   0.267638
       0.8   0.172635   0.546597   0.262396
      0.81   0.165484   0.546563   0.254049
      0.82   0.161993   0.550406   0.250315
      0.83   0.155856   0.548544   0.242742
      0.84   0.150282   0.547529   0.235833
      0.85   0.147579   0.555118   0.233169
      0.86   0.144989   0.557823   0.230156
      0.87   0.141498   0.560563   0.225959
      0.88   0.136261   0.556369   0.218909
      0.89   0.131194   0.559633   0.212558
       0.9   0.122804   0.555195   0.201122
      0.91   0.118975   0.557239   0.196085
      0.92   0.116047   0.556918   0.192072
      0.93   0.114358    0.55914   0.189881
      0.94   0.112613   0.561694   0.187611
      0.95   0.107601   0.563107   0.180678
      0.96   0.104167   0.568588   0.176076
      0.97    0.10259   0.575569   0.174141
      0.98   0.101689   0.582979   0.173172
      0.99  0.0973536   0.583519   0.166867
