         0          1   0.253826   0.404882
      0.01   0.934668    0.32799   0.485582
      0.02   0.934668   0.328285   0.485904
      0.03   0.934559   0.328689   0.486332
      0.04   0.934067   0.329993   0.487692
      0.05   0.931714   0.331057    0.48853
      0.06   0.930729   0.333455   0.490999
      0.07   0.930346   0.334909   0.492519
      0.08   0.928102   0.337392    0.49488
      0.09   0.923014   0.339051   0.495931
       0.1   0.918308    0.34275   0.499184
      0.11   0.909718   0.347347   0.502739
      0.12   0.900088   0.349457   0.503451
      0.13   0.885642   0.354032   0.505852
      0.14   0.878146   0.356262   0.506882
      0.15   0.865233   0.360508   0.508955
      0.16    0.85325   0.364246   0.510544
      0.17   0.833169   0.368434   0.510931
      0.18   0.820366   0.374082   0.513851
      0.19   0.791311   0.377906   0.511524
       0.2   0.770956   0.380052   0.509125
      0.21   0.749343   0.385956   0.509493
      0.22   0.726636   0.390278    0.50781
      0.23    0.70174   0.394028   0.504679
      0.24   0.667706   0.399469   0.499877
      0.25   0.649869    0.40323   0.497668
      0.26   0.626012   0.408578   0.494446
      0.27   0.612224    0.41579    0.49524
      0.28   0.578682   0.424687   0.489867
      0.29   0.564347   0.432926   0.489977
       0.3    0.53956   0.444262   0.487296
      0.31   0.515977   0.456497   0.484418
      0.32     0.4971   0.464252   0.480115
      0.33    0.48167   0.478205   0.479931
      0.34   0.469687   0.487165   0.478267
      0.35   0.454038    0.50342   0.477455
      0.36   0.443314   0.512861   0.475558
      0.37    0.42657   0.527217   0.471583
      0.38   0.418253   0.534173   0.469159
      0.39   0.393193   0.544889   0.456776
       0.4   0.380773   0.548716   0.449572
      0.41   0.371854   0.565922   0.448807
      0.42    0.36009   0.580095   0.444351
      0.43   0.350897   0.590205   0.440125
      0.44   0.339024    0.60832   0.435396
      0.45   0.331035    0.62065   0.431775
      0.46   0.317794   0.640498   0.424811
      0.47   0.309532   0.651316   0.419635
      0.48   0.301762   0.660311   0.414224
      0.49   0.292898   0.667899   0.407217
       0.5   0.275826   0.676609   0.391893
      0.51   0.263515   0.684564   0.380544
      0.52   0.257223   0.690018   0.374748
      0.53   0.253119    0.70463   0.372447
      0.54   0.246115   0.716797   0.366419
      0.55   0.240972   0.720287   0.361128
      0.56   0.233257   0.721925    0.35259
      0.57    0.22494   0.733333   0.344277
      0.58     0.2181   0.742656   0.337179
      0.59   0.212519   0.744472    0.33065
       0.6    0.20847   0.750948   0.326344
      0.61   0.202615   0.748684   0.318922
      0.62   0.198183   0.756498   0.314085
      0.63   0.194846   0.759155   0.310101
      0.64   0.191727   0.763848   0.306517
      0.65   0.186474   0.762406   0.299656
      0.66   0.178321   0.763693   0.289131
      0.67   0.175148    0.76045   0.284719
      0.68   0.167487   0.759729   0.274467
      0.69   0.165353   0.764085   0.271872
       0.7   0.160484   0.771218   0.265681
      0.71   0.154848   0.777132    0.25824
      0.72   0.152933   0.779762   0.255713
      0.73   0.149923   0.784679   0.251747
      0.74   0.146148   0.785563   0.246446
      0.75   0.139254   0.781737   0.236397
      0.76   0.135095   0.793427   0.230879
      0.77   0.129842   0.801527   0.223482
      0.78   0.126833   0.804233   0.219111
      0.79   0.122456   0.794944    0.21222
       0.8   0.119884   0.794721    0.20834
      0.81   0.112716   0.793651   0.197397
      0.82   0.103141   0.797203    0.18265
      0.83   0.100077   0.800738   0.177917
      0.84  0.0952615   0.800797   0.170268
      0.85  0.0795032   0.800866   0.144647
      0.86  0.0743051   0.804651   0.136047
      0.87  0.0725542   0.808824   0.133163
      0.88  0.0678485   0.807292   0.125177
      0.89  0.0661523   0.804348    0.12225
       0.9  0.0637995   0.817143   0.118358
      0.91  0.0631976   0.828402   0.117436
      0.92  0.0618844   0.836478   0.115243
      0.93  0.0583826   0.827815   0.109073
      0.94  0.0570147   0.829787   0.106698
      0.95  0.0549902   0.834586   0.103182
      0.96  0.0501751   0.822581   0.094581
      0.97  0.0451412   0.827273  0.0856109
      0.98   0.044594   0.839623    0.08469
      0.99  0.0426242   0.838384   0.081124
