         0          1   0.418411   0.589971
      0.01   0.973796   0.555681   0.707588
      0.02   0.973796    0.56394   0.714248
      0.03   0.973796   0.570968   0.719859
      0.04   0.973796   0.579745   0.726795
      0.05   0.973479   0.584291   0.730268
      0.06   0.972435   0.586514   0.731707
      0.07   0.971137   0.586997   0.731714
      0.08   0.969966   0.590452   0.734058
      0.09   0.969808   0.591978   0.735191
       0.1   0.968764   0.595971   0.737959
      0.11   0.968511   0.599371   0.740486
      0.12   0.967656   0.603278   0.743208
      0.13   0.966232   0.606678    0.74536
      0.14    0.96177   0.607663   0.744768
      0.15   0.959713   0.610216   0.746062
      0.16   0.957719   0.611407   0.746347
      0.17   0.955504   0.613201   0.747006
      0.18   0.953162   0.613603   0.746587
      0.19   0.950028   0.615234   0.746827
       0.2   0.946895   0.615774   0.746253
      0.21    0.94199   0.616898   0.745547
      0.22   0.937433     0.6199   0.746295
      0.23   0.932432   0.620602   0.745211
      0.24   0.927907   0.621037   0.744074
      0.25   0.922812   0.621035   0.742429
      0.26   0.915691   0.622234   0.740965
      0.27   0.909203   0.624278   0.740271
      0.28   0.902715   0.627254   0.740187
      0.29   0.893822   0.631566   0.740149
       0.3   0.882113   0.638937   0.741086
      0.31   0.867966    0.65191   0.744582
      0.32   0.861067   0.663039   0.749188
      0.33   0.844674   0.675187    0.75048
      0.34   0.837331   0.687913   0.755303
      0.35    0.82866    0.70499   0.761839
      0.36   0.819672   0.717058   0.764939
      0.37   0.807678   0.734198   0.769187
      0.38   0.797012   0.743461   0.769306
      0.39    0.78103   0.759285   0.770004
       0.4   0.771536   0.768855   0.770193
      0.41   0.755206   0.780752   0.767767
      0.42   0.740901   0.790014    0.76467
      0.43   0.735236   0.797165   0.764949
      0.44   0.716881   0.803859   0.757882
      0.45   0.706722   0.808422   0.754159
      0.46   0.693557    0.81461   0.749225
      0.47    0.68555    0.81882   0.746282
      0.48   0.672543   0.829973    0.74301
      0.49   0.668112    0.83888    0.74382
       0.5   0.659029   0.848639   0.741911
      0.51   0.647731   0.859506    0.73874
      0.52   0.639756   0.868136   0.736651
      0.53   0.631844   0.877893   0.734819
      0.54    0.62409   0.882714   0.731207
      0.55   0.615292   0.885153   0.725955
      0.56    0.60738    0.88842   0.721498
      0.57   0.600956   0.894592   0.718948
      0.58   0.588044   0.897375   0.710501
      0.59   0.579847   0.905102   0.706853
       0.6   0.572568   0.910862   0.703141
      0.61   0.561934   0.913025   0.695694
      0.62   0.552567   0.916863   0.689557
      0.63   0.546554   0.922627   0.686458
      0.64   0.541553   0.925747   0.683352
      0.65   0.539116   0.927668   0.681929
      0.66   0.531205   0.929375   0.676017
      0.67   0.527787   0.929121   0.673176
      0.68   0.523039   0.929849   0.669491
      0.69   0.520476   0.929796   0.667373
       0.7   0.515222   0.930637   0.663253
      0.71   0.507817   0.930911   0.657153
      0.72   0.503291   0.931609   0.653524
      0.73   0.494462   0.933219    0.64642
      0.74   0.492056   0.933515   0.644432
      0.75   0.485379   0.934575   0.638926
      0.76   0.483258   0.935108    0.63721
      0.77    0.47772   0.937789   0.632989
      0.78   0.475505   0.938326   0.631163
      0.79   0.467561   0.939012   0.624277
       0.8    0.46427   0.940849   0.621738
      0.81    0.45908    0.94331   0.617595
      0.82   0.453826   0.945019   0.613183
      0.83    0.45237   0.946806   0.612227
      0.84   0.447971   0.949096   0.608658
      0.85   0.444585   0.950939   0.605899
      0.86   0.438287   0.953383   0.600509
      0.87   0.433224   0.954624   0.595981
      0.88   0.427749   0.957143   0.591262
      0.89   0.423128   0.958811   0.587146
       0.9   0.420058   0.962863   0.584934
      0.91   0.416799   0.964992   0.582154
      0.92   0.412906   0.966482   0.578613
      0.93   0.408792   0.970607   0.575288
      0.94   0.405121   0.974351   0.572291
      0.95   0.401165   0.979631   0.569227
      0.96   0.397272   0.982032   0.565697
      0.97   0.391449   0.984631   0.560189
      0.98   0.386195   0.986069   0.555017
      0.99   0.379265   0.987522   0.548048
