         0          1   0.223412   0.365227
      0.01   0.963836   0.300399    0.45804
      0.02   0.963836   0.300382    0.45802
      0.03   0.963836   0.300373    0.45801
      0.04   0.963836   0.300709   0.458401
      0.05   0.963836   0.301298   0.459085
      0.06   0.963836    0.30243   0.460397
      0.07   0.963836   0.303749   0.461925
      0.08   0.963695   0.305439   0.463859
      0.09   0.963203   0.306459   0.464977
       0.1    0.96271   0.307678   0.466322
      0.11   0.961725   0.308905   0.467614
      0.12    0.96074    0.30924    0.46788
      0.13   0.958911    0.31067   0.469296
      0.14   0.955534   0.311555   0.469898
      0.15   0.951945    0.31352    0.47169
      0.16   0.949201   0.314823   0.472823
      0.17   0.942799   0.316805    0.47425
      0.18   0.939985   0.317898   0.475115
      0.19   0.932386   0.318378   0.474672
       0.2   0.929149   0.319277   0.475248
      0.21   0.917048   0.321167   0.475726
      0.22   0.905228   0.321336   0.474304
      0.23   0.900654   0.321875   0.474259
      0.24   0.882643   0.323796   0.473785
      0.25   0.871385   0.325083   0.473514
      0.26   0.853163   0.326551    0.47232
      0.27   0.840287   0.327381   0.471186
      0.28   0.822064    0.32872   0.469643
      0.29   0.801238   0.330195   0.467663
       0.3    0.78196   0.331797   0.465904
      0.31   0.752058   0.332029   0.460673
      0.32   0.737705   0.333441   0.459286
      0.33   0.708155   0.332988   0.452978
      0.34   0.685007   0.332048   0.447282
      0.35   0.650179   0.332382   0.439886
      0.36   0.634138     0.3306   0.434617
      0.37   0.610075   0.332742   0.430619
      0.38   0.582917   0.332865   0.423753
      0.39   0.543235   0.331137   0.411462
       0.4   0.515795   0.327977   0.400983
      0.41   0.489341   0.325957   0.391278
      0.42   0.467248   0.321443   0.380868
      0.43   0.446915    0.31993   0.372908
      0.44   0.407092   0.312575   0.353627
      0.45   0.395905   0.311083   0.348406
      0.46    0.36347   0.304683    0.33149
      0.47   0.345247   0.299623   0.320821
      0.48   0.314642    0.29147   0.302613
      0.49   0.295856   0.284669   0.290155
       0.5   0.267361   0.277938   0.272547
      0.51   0.241962   0.271726   0.255982
      0.52   0.232674   0.268848   0.249457
      0.53   0.213467   0.266757   0.237155
      0.54   0.206079   0.265841   0.232176
      0.55   0.182861   0.256569   0.213533
      0.56   0.170689   0.254891    0.20446
      0.57   0.150215    0.25265   0.188409
      0.58   0.143038   0.250314   0.182048
      0.59    0.12974       0.25   0.170828
       0.6   0.124956   0.251788   0.167023
      0.61   0.118272   0.251353   0.160855
      0.62   0.111095   0.249792   0.153792
      0.63   0.107859   0.255793   0.151736
      0.64   0.103356   0.257532   0.147511
      0.65  0.0981496   0.256909   0.142036
      0.66  0.0925209   0.255392   0.135833
      0.67  0.0847112   0.253041    0.12693
      0.68  0.0809118    0.26087   0.123514
      0.69  0.0737353   0.259854   0.114874
       0.7  0.0683881   0.255285   0.107877
      0.71  0.0643777   0.266071   0.103671
      0.72  0.0628298   0.270633   0.101983
      0.73  0.0523464   0.264957  0.0874214
      0.74  0.0488285   0.266055  0.0825135
      0.75  0.0467178    0.26972  0.0796411
      0.76  0.0425667   0.275568  0.0737424
      0.77  0.0410188   0.285714  0.0717384
      0.78  0.0401745   0.285211  0.0704285
      0.79  0.0365159   0.286275    0.06477
       0.8  0.0344051   0.268908   0.061005
      0.81  0.0317315   0.267606  0.0567356
      0.82  0.0280025   0.263158  0.0506187
      0.83  0.0268768   0.254144  0.0486126
      0.84  0.0256807     0.2625  0.0467844
      0.85  0.0252586   0.268456  0.0461728
      0.86  0.0239218   0.287879  0.0441729
      0.87  0.0227257   0.292683  0.0421765
      0.88   0.016112   0.277778  0.0304574
      0.89  0.0159713       0.28  0.0302189
       0.9  0.0158306   0.321429   0.030175
      0.91  0.0153381   0.347826  0.0293805
      0.92  0.0147752       0.35  0.0283535
      0.93  0.0137902   0.425532  0.0267146
      0.94 0.00717653   0.421053  0.0141125
      0.95 0.00682474   0.454545  0.0134476
      0.96 0.00640259        0.5  0.0126433
      0.97 0.00633223   0.545455  0.0125191
      0.98 0.00633223        0.5  0.0125061
      0.99 0.00612116   0.583333  0.0121152
