         0          1   0.176689   0.300316
      0.01   0.895784   0.164367   0.277766
      0.02   0.895784   0.164646   0.278165
      0.03   0.895784   0.165274   0.279061
      0.04   0.895784   0.166541   0.280864
      0.05   0.895784    0.16778   0.282625
      0.06   0.895701   0.169631   0.285241
      0.07   0.895701    0.17128    0.28757
      0.08   0.895537   0.174085   0.291504
      0.09    0.89488   0.176385   0.294686
       0.1    0.89266   0.179303   0.298623
      0.11   0.888798   0.182791   0.303221
      0.12   0.886907   0.184839   0.305921
      0.13   0.877538    0.18855   0.310405
      0.14   0.874414   0.192109    0.31501
      0.15   0.869154   0.197789   0.322245
      0.16   0.865456   0.201759   0.327232
      0.17   0.852963   0.208741   0.335401
      0.18   0.848196   0.212349   0.339663
      0.19   0.840388   0.220105   0.348844
       0.2   0.830443     0.2245   0.353449
      0.21    0.82058   0.231185   0.360738
      0.22    0.79428   0.237468   0.365625
      0.23   0.782527   0.241835   0.369484
      0.24   0.760828    0.24976   0.376067
      0.25   0.749075   0.255085   0.380572
      0.26   0.730418    0.26467   0.388548
      0.27   0.718336   0.272739   0.395365
      0.28   0.700501    0.28313   0.403267
      0.29   0.680529   0.288612   0.405326
       0.3    0.64864   0.298821   0.409151
      0.31   0.627681   0.309904    0.41494
      0.32   0.617408   0.316549    0.41852
      0.33   0.601463   0.327724   0.424272
      0.34   0.585847   0.334808   0.426102
      0.35   0.568176   0.343757   0.428353
      0.36   0.558889   0.350753   0.431009
      0.37   0.544177   0.359738    0.43314
      0.38   0.538752   0.365359   0.435429
      0.39   0.517794   0.374572    0.43469
       0.4   0.500863   0.378878   0.431413
      0.41   0.483521   0.386104   0.429356
      0.42   0.470946   0.395199   0.429761
      0.43   0.465521   0.403453   0.432271
      0.44    0.44859   0.413494   0.430328
      0.45   0.437166   0.418132   0.427437
      0.46   0.424016   0.429817   0.426897
      0.47   0.410865   0.437418   0.423726
      0.48   0.395496   0.451231   0.421529
      0.49   0.381606   0.457384   0.416073
       0.5   0.361798   0.460686   0.405298
      0.51   0.346593   0.480638   0.402755
      0.52   0.340265   0.491617   0.402172
      0.53   0.331224   0.509981   0.401609
      0.54   0.325635   0.522712   0.401282
      0.55   0.312485   0.535844    0.39476
      0.56   0.300567   0.545662   0.387621
      0.57   0.288896   0.561644   0.381538
      0.58   0.281417   0.567002   0.376144
      0.59   0.266952   0.587131   0.367027
       0.6   0.263417   0.599442   0.366001
      0.61   0.250514   0.620792   0.356974
      0.62   0.241555   0.638478   0.350504
      0.63   0.240322   0.652793   0.351311
      0.64   0.236459   0.673709   0.350056
      0.65   0.226268   0.674505   0.338862
      0.66   0.217638   0.679521   0.329684
      0.67   0.203255   0.679505   0.312911
      0.68   0.188378   0.676991   0.294742
      0.69   0.179255   0.681747   0.283871
       0.7   0.163228   0.682274   0.263433
      0.71     0.1569        0.7   0.256342
      0.72   0.151557   0.703704   0.249401
      0.73    0.13964   0.704501   0.233081
      0.74   0.122216   0.701646   0.208171
      0.75   0.116298   0.705628   0.199685
      0.76   0.112271   0.709677   0.193871
      0.77   0.108901   0.713936   0.188977
      0.78   0.103477   0.713198   0.180731
      0.79  0.0990384   0.718232   0.174073
       0.8  0.0946001   0.719653   0.167219
      0.81  0.0850662   0.712963   0.151997
      0.82  0.0781622   0.726974   0.141149
      0.83  0.0781622   0.733108   0.141263
      0.84  0.0729021   0.770992   0.133209
      0.85  0.0715871      0.788   0.131251
      0.86   0.069368   0.813043    0.12783
      0.87  0.0663269   0.828571   0.122822
      0.88  0.0604093   0.842105   0.112732
      0.89  0.0592587   0.874286   0.110994
       0.9   0.058108    0.88125   0.109027
      0.91   0.054656   0.888889    0.10298
      0.92   0.053752   0.893617   0.101404
      0.93  0.0452864      0.928  0.0863586
      0.94  0.0444645   0.948718  0.0849477
      0.95  0.0432317   0.960784  0.0827404
      0.96  0.0404372   0.957895  0.0775987
      0.97  0.0389578   0.977011   0.074928
      0.98  0.0378072   0.975904  0.0727943
      0.99  0.0354237          1  0.0684236
