         0          1   0.263807   0.417479
      0.01   0.966686   0.450437   0.614529
      0.02   0.966686   0.452329   0.616287
      0.03   0.966686    0.45575   0.619454
      0.04   0.966686   0.462958   0.626079
      0.05   0.966686   0.468383   0.631021
      0.06   0.966346   0.478768   0.640303
      0.07   0.965855   0.485675    0.64634
      0.08   0.965364   0.499119   0.658022
      0.09   0.964986   0.508576   0.666099
       0.1    0.96389   0.520325   0.675826
      0.11   0.962417   0.532234   0.685419
      0.12   0.960076    0.53906   0.690449
      0.13   0.955619   0.548876   0.697265
      0.14   0.950897   0.556524   0.702123
      0.15    0.94289   0.566325   0.707629
      0.16    0.93881   0.573131   0.711749
      0.17   0.928347   0.579281   0.713404
      0.18    0.92389   0.584763    0.71621
      0.19   0.904438    0.59019   0.714279
       0.2   0.893182   0.594985   0.714208
      0.21   0.875392   0.605001   0.715503
      0.22   0.854013    0.61986   0.718337
      0.23    0.84238   0.633201   0.722964
      0.24   0.825231   0.643352   0.723029
      0.25   0.812918    0.65005   0.722418
      0.26   0.799585   0.660228   0.723255
      0.27   0.781492   0.663882   0.717902
      0.28   0.761775   0.671593   0.713847
      0.29   0.749273   0.674876   0.710131
       0.3    0.73526   0.679222   0.706131
      0.31   0.710368   0.683651   0.696754
      0.32   0.687214   0.687759   0.687486
      0.33   0.667649   0.693459   0.680309
      0.34   0.646195   0.699396   0.671743
      0.35   0.625987   0.707889   0.664423
      0.36   0.611369   0.714844    0.65907
      0.37   0.589651   0.725773   0.650669
      0.38   0.574051   0.732643   0.643723
      0.39   0.556412   0.737721   0.634365
       0.4   0.546931      0.747   0.631498
      0.41    0.51932   0.753705   0.614936
      0.42   0.493938   0.760104   0.598774
      0.43   0.481511    0.76419   0.590777
      0.44   0.460359   0.772673   0.576963
      0.45   0.443173   0.773447    0.56348
      0.46   0.421983   0.776126   0.546715
      0.47   0.410198   0.777532   0.537062
      0.48    0.38255   0.779227   0.513167
      0.49   0.364193   0.783654   0.497281
       0.5   0.348933   0.786694   0.483439
      0.51   0.325212   0.799028   0.462274
      0.52   0.318754   0.802247   0.456234
      0.53   0.296468   0.809695   0.434021
      0.54   0.289669   0.810559    0.42681
      0.55   0.271124   0.814379   0.406811
      0.56   0.256393   0.817016   0.390302
      0.57   0.234523   0.818052   0.364539
      0.58     0.2122   0.823442   0.337442
      0.59   0.204004   0.830482   0.327547
       0.6   0.194334   0.834532   0.315256
      0.61    0.19067   0.844955   0.311132
      0.62   0.186818   0.856048   0.306703
      0.63   0.184929   0.867776   0.304885
      0.64   0.180246   0.875113   0.298922
      0.65   0.178961   0.884473   0.297689
      0.66   0.177564   0.895992    0.29639
      0.67   0.176204   0.897087   0.294553
      0.68   0.171558   0.899402   0.288152
      0.69   0.169858    0.90224   0.285894
       0.7   0.167063   0.905602   0.282088
      0.71   0.162077   0.910638   0.275178
      0.72   0.161662   0.913793   0.274722
      0.73   0.159245   0.914567   0.271258
      0.74   0.156374    0.91796   0.267226
      0.75   0.151879   0.923963   0.260876
      0.76   0.149839   0.926316   0.257953
      0.77   0.148329   0.932203   0.255934
      0.78   0.147233   0.933416   0.254347
      0.79   0.144551   0.932996    0.25032
       0.8   0.143343   0.933766   0.248533
      0.81   0.142172    0.93725   0.246892
      0.82   0.137715   0.941015   0.240267
      0.83     0.1322   0.944134   0.231926
      0.84   0.130425   0.945946   0.229242
      0.85   0.129556   0.946991    0.22793
      0.86   0.126232   0.945985   0.222742
      0.87   0.125439   0.945588   0.221495
      0.88    0.12457    0.94494   0.220122
      0.89   0.123928   0.945701    0.21914
       0.9   0.123777   0.949231   0.218998
      0.91   0.123059   0.951334   0.217929
      0.92   0.122606   0.951181   0.217214
      0.93   0.121209   0.950241   0.214994
      0.94       0.12   0.949757   0.213078
      0.95   0.117545   0.955446   0.209336
      0.96   0.116601   0.956007    0.20785
      0.97   0.113843   0.956597   0.203472
      0.98   0.111653   0.956063   0.199954
      0.99   0.110519   0.955357   0.198119
