         0          1   0.181029   0.306561
      0.01   0.785006   0.194356   0.311572
      0.02   0.784683   0.194552   0.311798
      0.03   0.784683   0.194995   0.312367
      0.04   0.784683   0.195606    0.31315
      0.05   0.784683   0.196101   0.313784
      0.06    0.78296   0.197609   0.315571
      0.07   0.780052   0.198756   0.316794
      0.08   0.778651   0.200622   0.319042
      0.09   0.778544   0.202641   0.321581
       0.1   0.775636   0.205042   0.324343
      0.11    0.77305   0.208252   0.328113
      0.12   0.771004   0.210262   0.330415
      0.13   0.767126   0.212736   0.333099
      0.14   0.763679   0.215301   0.335902
      0.15   0.759371   0.219119   0.340101
      0.16    0.75657    0.22202   0.343297
      0.17   0.748815    0.22661   0.347928
      0.18   0.745584   0.229962   0.351507
      0.19   0.735351   0.233968   0.354988
       0.2   0.725549   0.237601   0.357974
      0.21   0.716071   0.243838   0.363796
      0.22   0.698837   0.247424   0.365457
      0.23   0.690651   0.250339   0.367479
      0.24   0.677402   0.255763   0.371326
      0.25   0.663399   0.258058   0.371576
      0.26   0.648535   0.263401   0.374642
      0.27   0.637333   0.266181   0.375525
      0.28   0.621392   0.270893   0.377303
      0.29    0.61062   0.273669   0.377949
       0.3   0.597372   0.277785   0.379225
      0.31   0.589401   0.283229   0.382603
      0.32   0.582723   0.287707    0.38522
      0.33   0.576045   0.294984   0.390168
      0.34   0.571198   0.298668   0.392241
      0.35   0.557303    0.30527   0.394466
      0.36   0.553964   0.311286   0.398593
      0.37   0.548901   0.319149    0.40362
      0.38   0.544485   0.324623   0.406744
      0.39   0.538238   0.333203     0.4116
       0.4   0.536407   0.339366    0.41572
      0.41   0.529621   0.347184   0.419422
      0.42   0.519711   0.355102    0.42192
      0.43   0.516157   0.359548   0.423849
      0.44    0.50614   0.366858   0.425388
      0.45   0.497415   0.370199    0.42448
      0.46   0.490306   0.374593   0.424709
      0.47   0.488152   0.380832   0.427865
      0.48   0.478458   0.387411   0.428148
      0.49   0.471672   0.394543   0.429674
       0.5   0.460254   0.403413   0.429963
      0.51     0.4567   0.411152   0.432731
      0.52    0.45196   0.417916   0.434272
      0.53    0.44539   0.429776   0.437444
      0.54   0.441728   0.437406   0.439556
      0.55   0.438065   0.447036   0.442505
      0.56   0.435373   0.452653   0.443845
      0.57   0.431172   0.459804   0.445028
      0.58   0.426648   0.464739    0.44488
      0.59   0.422555   0.475604   0.447513
       0.6   0.420293   0.480707   0.448474
      0.61   0.415984   0.488066   0.449152
      0.62    0.41103   0.495718   0.449419
      0.63   0.409091   0.500514   0.450208
      0.64    0.40629   0.506959   0.451076
      0.65   0.404998   0.511794   0.452176
      0.66   0.400689   0.518519   0.452052
      0.67   0.398104   0.524061   0.452481
      0.68   0.397135   0.536452   0.456398
      0.69   0.394334   0.545398   0.457724
       0.7   0.391426   0.557505   0.459932
      0.71   0.385071   0.568442   0.459125
      0.72   0.384856   0.572509   0.460291
      0.73   0.383455    0.57969   0.461582
      0.74   0.383025   0.584116   0.462664
      0.75   0.381301   0.592676   0.464052
      0.76   0.373007   0.597843   0.459391
      0.77   0.362021   0.600962   0.451847
      0.78   0.359436   0.606584   0.451394
      0.79   0.356312   0.610642    0.45003
       0.8   0.351249   0.612931    0.44658
      0.81   0.343817   0.627505   0.444234
      0.82   0.340155   0.642517   0.444819
      0.83      0.331   0.649901   0.438611
      0.84   0.322813   0.664234   0.434475
      0.85   0.321629   0.673491   0.435353
      0.86   0.317536   0.680947   0.433107
      0.87   0.314304   0.685549   0.431005
      0.88   0.305687   0.687728   0.423246
      0.89   0.300948   0.688667   0.418856
       0.9   0.289854   0.696732   0.409392
      0.91   0.278651   0.706044   0.399596
      0.92   0.275528   0.715714   0.397883
      0.93   0.265403   0.726027   0.388711
      0.94   0.249031   0.724522   0.370659
      0.95   0.236105   0.730318   0.356845
      0.96   0.235136   0.735395   0.356336
      0.97   0.232335   0.744186   0.354115
      0.98    0.23072   0.747698   0.352628
      0.99   0.219302   0.758416   0.340225
