         0          1   0.235879   0.381719
      0.01   0.953932   0.368809   0.531954
      0.02   0.953932   0.372076   0.535343
      0.03   0.953932   0.376103     0.5395
      0.04   0.953437   0.386103   0.549629
      0.05   0.951106   0.393908   0.557092
      0.06   0.947573   0.408134   0.570532
      0.07   0.943969   0.419793   0.581145
      0.08   0.941143   0.434628   0.594644
      0.09   0.935349   0.444131   0.602282
       0.1   0.925034   0.461949   0.616184
      0.11   0.906875   0.474481   0.623004
      0.12   0.892885   0.483407   0.627231
      0.13   0.870628   0.498488   0.633982
      0.14   0.851056   0.510405   0.638113
      0.15   0.818272   0.525482   0.639979
      0.16   0.805766   0.535248   0.643222
      0.17   0.780471   0.553377   0.647592
      0.18   0.768954   0.562331   0.649608
      0.19   0.737653   0.578122   0.648216
       0.2   0.720554   0.590171   0.648878
      0.21   0.692645   0.605613   0.646212
      0.22   0.670105   0.623762   0.646104
      0.23   0.649474   0.631653   0.640439
      0.24    0.63619   0.655393   0.645649
      0.25   0.626581   0.666986   0.646153
      0.26   0.619727   0.688435   0.652277
      0.27   0.609341   0.703704   0.653132
      0.28    0.59952   0.726502   0.656931
      0.29   0.589345   0.738076   0.655378
       0.3   0.573589    0.75596   0.652267
      0.31   0.559528   0.778496   0.651095
      0.32   0.551544   0.786597   0.648426
      0.33   0.536565   0.796398   0.641157
      0.34   0.529711   0.803507   0.638495
      0.35    0.51996   0.821798   0.636929
      0.36   0.514379   0.833617   0.636196
      0.37    0.49834    0.85845   0.630606
      0.38   0.492334   0.871212   0.629135
      0.39   0.477496    0.88505   0.620321
       0.4   0.469229   0.890336   0.614566
      0.41   0.455027   0.898925   0.604209
      0.42   0.441391   0.908125   0.594047
      0.43   0.427754   0.909657   0.581884
      0.44   0.417226   0.915505   0.573218
      0.45   0.403236   0.921141   0.560924
      0.46   0.396382   0.926343   0.555196
      0.47   0.389882   0.928255   0.549123
      0.48   0.382463   0.935455   0.542943
      0.49   0.377164   0.937558   0.537928
       0.5   0.360772   0.945545   0.522271
      0.51   0.349467   0.950413   0.511028
      0.52   0.338373    0.95182   0.499259
      0.53   0.320992   0.958621   0.480942
      0.54   0.303187    0.95962   0.460789
      0.55   0.290398   0.966625    0.44662
      0.56   0.284321   0.974522    0.44021
      0.57   0.270473   0.984021   0.424316
      0.58   0.262418   0.989011   0.414781
      0.59   0.250548   0.998555   0.400584
       0.6   0.248357          1   0.397894
      0.61   0.236275          1   0.382237
      0.62   0.232742          1   0.377601
      0.63   0.229633          1   0.373499
      0.64   0.219176          1   0.359548
      0.65    0.20349          1   0.338167
      0.66   0.201583          1   0.335529
      0.67   0.198898          1   0.331801
      0.68   0.189077          1   0.318022
      0.69   0.186109          1   0.313814
       0.7   0.180456          1    0.30574
      0.71   0.173038          1   0.295025
      0.72   0.168939          1   0.289047
      0.73    0.16145          1   0.278014
      0.74   0.154455          1   0.267581
      0.75    0.14852          1   0.258628
      0.76   0.143362          1   0.250772
      0.77   0.135731          1    0.23902
      0.78   0.133117          1   0.234957
      0.79   0.124638          1    0.22165
       0.8   0.120399          1   0.214921
      0.81   0.106903          1   0.193157
      0.82   0.101039          1   0.183533
      0.83  0.0950329          1   0.173571
      0.84  0.0906522          1   0.166235
      0.85  0.0902282          1   0.165522
      0.86  0.0885325          1   0.162664
      0.87  0.0871193          1   0.160276
      0.88  0.0835865          1   0.154278
      0.89  0.0833039          1   0.153796
       0.9  0.0827386          1   0.152832
      0.91  0.0811135          1   0.150056
      0.92  0.0809016          1   0.149693
      0.93  0.0800537          1    0.14824
      0.94  0.0785699          1   0.145693
      0.95   0.077934          1   0.144599
      0.96  0.0771568          1    0.14326
      0.97  0.0750371          1   0.139599
      0.98  0.0746838          1   0.138988
      0.99  0.0729881          1   0.136046
