         0          1   0.265439    0.41952
      0.01   0.894764   0.332601    0.48494
      0.02   0.894764    0.33274   0.485088
      0.03   0.894764   0.332949    0.48531
      0.04   0.894724   0.333719   0.486122
      0.05   0.894684   0.334832   0.487296
      0.06   0.893686   0.336789   0.489215
      0.07   0.892927   0.338329   0.490723
      0.08   0.891969   0.340414   0.492767
      0.09    0.89113   0.342726   0.495055
       0.1   0.889852   0.346351   0.498625
      0.11   0.888374   0.350945   0.503132
      0.12   0.887855   0.354712   0.506906
      0.13   0.881305   0.359879   0.511066
      0.14   0.880946   0.364393   0.515539
      0.15   0.875714   0.369944   0.520151
      0.16   0.874196   0.374001   0.523876
      0.17   0.867127   0.381427   0.529806
      0.18   0.859659   0.385793   0.532578
      0.19   0.850074    0.39421   0.538635
       0.2   0.847797   0.399513   0.543099
      0.21   0.841208   0.406928   0.548516
      0.22   0.834458   0.415766   0.555003
      0.23   0.825792   0.421146   0.557813
      0.24   0.817245    0.43029   0.563756
      0.25   0.811893    0.43647   0.567731
      0.26    0.80155   0.442015   0.569809
      0.27   0.791965   0.447744   0.572066
      0.28   0.781621   0.453791   0.574209
      0.29   0.776589   0.457759   0.575997
       0.3   0.770877   0.466722   0.581425
      0.31   0.757658   0.474024   0.583183
      0.32   0.749032   0.478708    0.58411
      0.33   0.740605    0.48764   0.588073
      0.34    0.73054   0.492541   0.588385
      0.35    0.71792   0.500293   0.589667
      0.36   0.712728   0.505971   0.591811
      0.37    0.70538   0.515456   0.595645
      0.38   0.697152   0.519901   0.595619
      0.39   0.671912   0.526843   0.590599
       0.4   0.663086   0.532278   0.590525
      0.41   0.650066   0.541325   0.590733
      0.42   0.642358   0.547444   0.591115
      0.43   0.635569   0.551208    0.59039
      0.44   0.627861   0.560075   0.592034
      0.45   0.616319   0.562674   0.588276
      0.46   0.608451   0.568395   0.587741
      0.47   0.598347   0.570507   0.584095
      0.48   0.591397   0.574003    0.58257
      0.49   0.582731   0.576133   0.579413
       0.5   0.569911   0.574441   0.572167
      0.51    0.55134    0.57494   0.562893
      0.52    0.53868   0.575508   0.556485
      0.53   0.523384   0.578058   0.549364
      0.54    0.51296   0.580741    0.54475
      0.55   0.498982   0.580785   0.536784
      0.56   0.487879   0.584978   0.532034
      0.57   0.478733   0.588118   0.527818
      0.58   0.469787   0.592213   0.523944
      0.59    0.45529   0.597697   0.516864
       0.6   0.441791   0.596433   0.507595
      0.61   0.422341   0.596505   0.494537
      0.62   0.408603   0.600571   0.486328
      0.63   0.402332   0.601012   0.482001
      0.64   0.385279   0.603471     0.4703
      0.65   0.376932   0.604052     0.4642
      0.66   0.361836   0.604427   0.452679
      0.67   0.355925   0.605669   0.448365
      0.68    0.34594   0.606677   0.440626
      0.69   0.338073   0.604965   0.433752
       0.7   0.330325   0.599662   0.425991
      0.71   0.322217   0.594169    0.41784
      0.72   0.306242   0.592257   0.403727
      0.73   0.296258   0.583174   0.392912
      0.74   0.285954   0.576999   0.382397
      0.75   0.265865   0.566967   0.361986
      0.76   0.253844   0.563676   0.350048
      0.77   0.242062   0.561781    0.33834
      0.78   0.232318   0.560096   0.328415
      0.79   0.218299   0.561345   0.314352
       0.8   0.215584   0.561739   0.311587
      0.81   0.207756   0.559338   0.302977
      0.82   0.198211   0.555879   0.292223
      0.83   0.184592   0.549898   0.276401
      0.84   0.174767   0.548977    0.26513
      0.85   0.171293   0.551111   0.261353
      0.86   0.162506   0.547591   0.250633
      0.87   0.159072   0.547215   0.246491
      0.88   0.150525   0.541344   0.235553
      0.89    0.14126    0.53794   0.223761
       0.9   0.135788   0.544012    0.21733
      0.91   0.124166   0.536434   0.201656
      0.92   0.119853   0.535948   0.195898
      0.93   0.107113    0.53012   0.178216
      0.94   0.100443   0.526882   0.168722
      0.95  0.0926155   0.534091   0.157857
      0.96  0.0842286   0.541502   0.145781
      0.97  0.0814729    0.53125   0.141279
      0.98  0.0783977   0.538631   0.136873
      0.99  0.0741244   0.553991   0.130754
