         0          1    0.32957   0.495755
      0.01   0.940133   0.428025   0.588237
      0.02   0.940133   0.428445   0.588633
      0.03   0.940133   0.429177   0.589323
      0.04   0.940133   0.432236   0.592201
      0.05    0.93975   0.434732   0.594463
      0.06   0.939495   0.440049   0.599363
      0.07   0.938388   0.443491    0.60232
      0.08   0.937835   0.450483   0.608619
      0.09   0.937495   0.456382   0.613908
       0.1   0.935623   0.467567   0.623531
      0.11   0.933963   0.481151   0.635111
      0.12   0.932899   0.490695   0.643117
      0.13   0.929155   0.507957   0.656832
      0.14    0.92741   0.517993   0.664717
      0.15   0.920007   0.534871   0.676462
      0.16   0.917922   0.545377   0.684226
      0.17   0.913327   0.563107   0.696679
      0.18   0.909752   0.576373    0.70567
      0.19    0.90371   0.595026    0.71758
       0.2   0.901328    0.60635   0.724983
      0.21   0.893413    0.62375   0.734616
      0.22   0.885499   0.642252   0.744511
      0.23   0.880223   0.653706   0.750239
      0.24   0.870351   0.669199   0.756634
      0.25   0.862863   0.676777   0.758575
      0.26   0.855374    0.69142   0.764707
      0.27   0.849502   0.698148   0.766424
      0.28   0.834227   0.706806   0.765249
      0.29   0.825504   0.715058   0.766322
       0.3   0.812952   0.722792   0.765225
      0.31   0.796358   0.729767    0.76161
      0.32   0.788912   0.733333   0.760108
      0.33   0.767254   0.739961   0.753361
      0.34   0.755808   0.744421   0.750071
      0.35   0.739639   0.750593   0.745076
      0.36   0.729087   0.754827   0.741734
      0.37   0.713258   0.761366   0.736527
      0.38    0.70211   0.764584   0.732017
      0.39   0.682367    0.76883   0.723023
       0.4    0.66939   0.773878   0.717851
      0.41   0.658965   0.780856   0.714751
      0.42   0.650668   0.787448   0.712553
      0.43   0.640158   0.791244   0.707728
      0.44   0.632414   0.796106   0.704882
      0.45   0.624713   0.798587    0.70103
      0.46   0.607906    0.80354   0.692165
      0.47   0.603183    0.80771   0.690622
      0.48   0.589822   0.812838   0.683601
      0.49   0.583184   0.816282   0.680321
       0.5   0.577568   0.818475   0.677236
      0.51   0.570164   0.818787   0.672224
      0.52   0.565101   0.821363   0.669549
      0.53   0.557655   0.825074   0.665505
      0.54    0.55357   0.828777   0.663778
      0.55   0.540422   0.833048   0.655562
      0.56   0.532848   0.836681   0.651062
      0.57   0.520254   0.841032   0.642848
      0.58    0.51468   0.844595     0.6396
      0.59   0.500894   0.845302   0.629041
       0.6   0.492341   0.847749   0.622916
      0.61   0.476385    0.84973   0.610503
      0.62   0.462982   0.850523   0.599582
      0.63   0.451196   0.850858   0.589689
      0.64   0.433367   0.851127   0.574313
      0.65   0.428091   0.852075   0.569873
      0.66   0.413752    0.85084   0.556759
      0.67   0.403285   0.851243   0.547287
      0.68    0.39052   0.849665   0.535099
      0.69   0.378095   0.850387   0.523455
       0.7   0.364352   0.849132   0.509909
      0.71   0.350906   0.848429   0.496473
      0.72   0.346481   0.849432   0.492197
      0.73    0.33261   0.851485   0.478361
      0.74   0.326525   0.851139   0.471983
      0.75   0.318186   0.851755   0.463299
      0.76   0.306017    0.85383   0.450553
      0.77   0.292954   0.856742   0.436613
      0.78    0.28938   0.856813    0.43264
      0.79   0.273126   0.859756   0.414556
       0.8    0.26202    0.86395   0.402093
      0.81   0.253127   0.866928   0.391843
      0.82   0.250362   0.871361   0.388965
      0.83   0.247256   0.870767   0.385148
      0.84   0.240831   0.872478   0.377468
      0.85   0.237852   0.873801   0.373921
      0.86   0.230236   0.875576   0.364599
      0.87   0.223343   0.877778   0.356083
      0.88   0.218705   0.882979   0.350576
      0.89   0.216535    0.88861   0.348217
       0.9   0.211514   0.890339   0.341823
      0.91   0.203557   0.894928   0.331673
      0.92   0.197387   0.895033   0.323444
      0.93   0.189941    0.89961   0.313658
      0.94   0.186495   0.906533   0.309349
      0.95   0.177942   0.916842    0.29804
      0.96    0.17556   0.916936   0.294696
      0.97   0.168198     0.9161   0.284214
      0.98   0.165901   0.918415   0.281036
      0.99   0.160582    0.91961    0.27342
