         0          1   0.256164   0.407851
      0.01   0.973418   0.467673   0.631801
      0.02   0.973418   0.468839   0.632865
      0.03   0.973418   0.469555   0.633516
      0.04   0.973418   0.471523   0.635305
      0.05   0.973418   0.473313   0.636927
      0.06   0.973302   0.475243   0.638648
      0.07   0.973128    0.47768   0.640806
      0.08   0.972548   0.482129    0.64467
      0.09   0.972374   0.485635   0.647758
       0.1   0.969588   0.492726   0.653405
      0.11   0.968137   0.501404   0.660652
      0.12   0.967731   0.507687   0.665987
      0.13   0.966802   0.519532   0.675871
      0.14   0.966164   0.527375   0.682313
      0.15   0.963378   0.536159   0.688911
      0.16    0.96123   0.541912   0.693084
      0.17   0.956994   0.550733   0.699129
      0.18   0.954092   0.557501    0.70377
      0.19   0.949158   0.564118   0.707653
       0.2   0.945966   0.567351   0.709296
      0.21   0.941846   0.573273   0.712729
      0.22   0.932792   0.580246   0.715446
      0.23   0.927104   0.584215   0.716762
      0.24   0.905514   0.591315   0.715438
      0.25   0.896634   0.597109   0.716841
      0.26   0.887348   0.607498   0.721227
      0.27   0.881544   0.612866   0.723052
      0.28    0.87011   0.622014   0.725437
      0.29   0.862101   0.626811   0.725865
       0.3   0.848346   0.634085   0.725731
      0.31   0.831631   0.638208   0.722193
      0.32   0.822287   0.643807   0.722183
      0.33   0.810563   0.650569   0.721806
      0.34    0.80267    0.65595    0.72193
      0.35   0.790598   0.662006    0.72061
      0.36   0.784272     0.6665   0.720606
      0.37   0.771909   0.670486   0.717632
      0.38   0.767615    0.67286   0.717121
      0.39   0.760302   0.678132    0.71687
       0.4   0.753918   0.679703   0.714889
      0.41   0.747127   0.684565   0.714479
      0.42   0.741439    0.69006   0.714827
      0.43   0.732211   0.690923   0.710968
      0.44   0.720604   0.693173   0.706622
      0.45   0.715612   0.693535   0.704401
      0.46   0.706152   0.700232   0.703179
      0.47    0.69971   0.702529   0.701117
      0.48   0.690192   0.705272    0.69765
      0.49   0.684446   0.709026   0.696519
       0.5   0.676727   0.715044   0.695358
      0.51   0.666222   0.717857   0.691076
      0.52   0.653569   0.719349   0.684884
      0.53   0.644283   0.722543   0.681173
      0.54   0.636158   0.722737   0.676689
      0.55   0.626291    0.72433   0.671752
      0.56   0.612362   0.723763   0.663418
      0.57   0.586593   0.724138   0.648149
      0.58   0.563668    0.72351   0.633665
      0.59   0.538305   0.722376   0.616903
       0.6   0.520197   0.723996   0.605406
      0.61   0.503018   0.726171   0.594338
      0.62   0.478294   0.730467   0.578076
      0.63   0.469588   0.734893   0.573022
      0.64   0.452989   0.740486    0.56211
      0.65   0.446024   0.743343   0.557522
      0.66   0.433662   0.749521   0.549431
      0.67   0.429774   0.752247   0.547022
      0.68   0.415438   0.752312   0.535284
      0.69    0.41271     0.7544   0.533538
       0.7   0.406268   0.757576   0.528901
      0.71   0.394312   0.758023   0.518769
      0.72   0.385374   0.757294   0.510807
      0.73   0.379106   0.759764   0.505819
      0.74   0.373999   0.758669   0.501014
      0.75   0.369588   0.757447   0.496778
      0.76   0.366744   0.756121    0.49392
      0.77   0.361114   0.754317   0.488411
      0.78    0.35682   0.753273   0.484252
      0.79   0.351364   0.752583   0.479064
       0.8   0.347069   0.752105   0.474961
      0.81   0.336448   0.752443   0.464983
      0.82   0.328381   0.751258   0.457002
      0.83   0.322055   0.752424    0.45105
      0.84   0.311956   0.751323   0.440862
      0.85   0.310795   0.755078   0.440342
      0.86   0.302438   0.756308   0.432089
      0.87   0.298897   0.757842   0.428709
      0.88   0.294312    0.75982   0.424281
      0.89   0.288218   0.762187   0.418269
       0.9   0.284678     0.7673   0.415281
      0.91   0.278816   0.773138   0.409834
      0.92   0.276146   0.775727     0.4073
      0.93   0.265699   0.783407   0.396815
      0.94   0.264074   0.787044   0.395461
      0.95    0.26007     0.7945   0.391867
      0.96   0.258445   0.800312   0.390715
      0.97   0.253569   0.813054   0.386576
      0.98   0.251944   0.819149   0.385363
      0.99   0.249913   0.830395   0.384199
