         0          1   0.382258   0.553092
      0.01   0.885787   0.532961   0.665502
      0.02   0.885787   0.532965   0.665505
      0.03   0.885787   0.532936   0.665483
      0.04   0.885787   0.533279    0.66575
      0.05   0.885787   0.533551   0.665962
      0.06   0.885787   0.533745   0.666113
      0.07   0.885787   0.533905   0.666238
      0.08   0.885715   0.534279   0.666508
      0.09   0.885357   0.534345   0.666458
       0.1   0.884785    0.53452   0.666432
      0.11   0.883389   0.534347   0.665901
      0.12   0.882315   0.534133    0.66543
      0.13   0.880203   0.533637   0.664444
      0.14   0.877089    0.53356   0.663496
      0.15   0.871935   0.533077   0.661644
      0.16    0.86832   0.533129    0.66064
      0.17   0.860768   0.533442   0.658681
      0.18   0.854218   0.533374   0.656703
      0.19   0.849887   0.534711   0.656427
       0.2   0.848062   0.535709   0.656633
      0.21   0.842586   0.537958   0.656662
      0.22    0.83668   0.538924   0.655577
      0.23   0.832886   0.540157   0.655317
      0.24   0.823186   0.542036   0.653661
      0.25   0.818784   0.543296   0.653181
      0.26   0.810587   0.545575   0.652188
      0.27   0.803715   0.546739   0.650777
      0.28   0.796485   0.548924   0.649929
      0.29   0.791975   0.550344   0.649412
       0.3   0.781488   0.552963   0.647658
      0.31   0.772719   0.555155   0.646114
      0.32   0.766778   0.555914   0.644538
      0.33   0.747772   0.555318   0.637333
      0.34   0.737965   0.555818   0.634069
      0.35   0.722538   0.556743   0.628897
      0.36   0.716489   0.558568   0.627749
      0.37   0.702387   0.559417   0.622802
      0.38   0.696052   0.560452   0.620935
      0.39   0.686746   0.563427   0.619004
       0.4   0.684491   0.565357   0.619246
      0.41   0.677691   0.568461   0.618289
      0.42   0.670783   0.573808   0.618518
      0.43   0.667633   0.576037   0.618462
      0.44   0.660367   0.579666   0.617391
      0.45   0.654891    0.58304    0.61688
      0.46   0.647339   0.586199   0.615254
      0.47   0.638713   0.588933   0.612814
      0.48   0.631626   0.592304   0.611333
      0.49   0.625577   0.596197   0.610534
       0.5   0.615162    0.59906   0.607004
      0.51   0.610115   0.603539   0.606809
      0.52   0.608433   0.607809   0.608121
      0.53   0.600379   0.611618   0.605947
      0.54   0.597695   0.614013   0.605744
      0.55   0.590465   0.619104   0.604445
      0.56   0.586313   0.621303   0.603301
      0.57   0.579763   0.627321   0.602605
      0.58   0.574824   0.631057   0.601629
      0.59   0.568023   0.637544   0.600779
       0.6   0.564766   0.640596   0.600296
      0.61    0.55793   0.645922    0.59871
      0.62   0.551595   0.650765    0.59709
      0.63   0.548051   0.653864     0.5963
      0.64   0.539783   0.657675   0.592926
      0.65   0.534056   0.657878   0.589536
      0.66   0.523569   0.661594   0.584545
      0.67    0.51659   0.665543   0.581682
      0.68   0.511113   0.669597   0.579719
      0.69   0.507463   0.675211    0.57944
       0.7   0.500412   0.682971    0.57761
      0.71   0.496439   0.688084   0.576758
      0.72   0.493396   0.691607   0.575925
      0.73   0.487813   0.694998    0.57326
      0.74    0.48384   0.698622   0.571724
      0.75   0.478936   0.702958   0.569716
      0.76   0.475106   0.707634   0.568513
      0.77   0.467232   0.710345   0.563693
      0.78   0.461398   0.713594   0.560431
      0.79   0.449587   0.718572   0.553111
       0.8   0.445936   0.721964   0.551331
      0.81   0.439135   0.730871   0.548632
      0.82   0.434625    0.73993   0.547599
      0.83   0.430008   0.745987   0.545547
      0.84   0.420953   0.750983   0.539498
      0.85   0.418948   0.754732   0.538807
      0.86   0.414582   0.759967   0.536493
      0.87   0.410716   0.763749   0.534173
      0.88   0.404596   0.769697   0.530389
      0.89   0.400981   0.772781   0.527995
       0.9   0.394467    0.77484   0.522786
      0.91     0.3901   0.777812   0.519602
      0.92   0.383765   0.780223   0.514476
      0.93   0.378575   0.784631   0.510729
      0.94   0.376212   0.788766    0.50944
      0.95   0.372168   0.793474   0.506683
      0.96   0.368625   0.795947   0.503886
      0.97    0.36186   0.801178   0.498546
      0.98   0.359497   0.805503   0.497127
      0.99    0.35352   0.807813   0.491811
