         0          1   0.173626   0.295879
      0.01    0.92045    0.53417   0.676021
      0.02   0.919771   0.536688    0.67785
      0.03   0.918898   0.542595   0.682302
      0.04   0.915503   0.565226   0.698934
      0.05   0.912883   0.590583   0.717187
      0.06    0.89901   0.641695   0.748865
      0.07   0.881742   0.687056   0.772319
      0.08    0.85031   0.734309   0.788064
      0.09    0.83052   0.757872   0.792535
       0.1   0.807528   0.792904   0.800149
      0.11   0.785312    0.81679   0.800742
      0.12   0.770081   0.821958   0.795175
      0.13   0.756694   0.836917   0.794786
      0.14   0.750873   0.843648   0.794562
      0.15   0.741754   0.856172   0.794867
      0.16   0.735254   0.858128   0.791953
      0.17   0.731471   0.862471   0.791588
      0.18   0.731374   0.864467    0.79237
      0.19   0.730598   0.866627    0.79282
       0.2   0.730113    0.86739   0.792853
      0.21   0.727396   0.867403   0.791254
      0.22    0.72371   0.869429   0.789905
      0.23   0.718083   0.873087   0.788035
      0.24   0.714979   0.875484   0.787132
      0.25   0.714688   0.877604   0.787811
      0.26   0.712941   0.880105   0.787753
      0.27   0.710613   0.884385   0.788033
      0.28   0.708673   0.888964   0.788646
      0.29   0.708479    0.89259   0.789949
       0.3   0.706054   0.900976   0.791693
      0.31   0.695188   0.905473   0.786518
      0.32   0.694994   0.910855   0.788417
      0.33    0.69092   0.919794   0.789096
      0.34   0.688009   0.920896   0.787597
      0.35   0.685972   0.925057   0.787774
      0.36   0.685293    0.92808   0.788419
      0.37   0.681315   0.931142   0.786875
      0.38   0.681024   0.933649   0.787575
      0.39   0.677629   0.937147   0.786534
       0.4   0.676853   0.941128   0.787408
      0.41   0.671517    0.94848   0.786323
      0.42   0.668219   0.951557   0.785107
      0.43   0.663659   0.953345   0.782554
      0.44   0.657354   0.955157   0.778756
      0.45   0.650466   0.955576   0.774039
      0.46   0.641444   0.958178   0.768453
      0.47   0.637951   0.961321   0.766944
      0.48   0.628153    0.96139   0.759841
      0.49   0.621847   0.962854   0.755661
       0.5   0.612728   0.967033   0.750149
      0.51   0.609333   0.970558    0.74865
      0.52   0.603997    0.97428   0.745702
      0.53    0.59352   0.975764   0.738088
      0.54   0.586632   0.980728   0.734134
      0.55   0.570819   0.983553   0.722389
      0.56   0.570625   0.987791   0.723373
      0.57   0.566453   0.989876   0.720565
      0.58   0.561021   0.990888   0.716419
      0.59   0.555006   0.993048   0.712052
       0.6   0.554036   0.992999    0.71124
      0.61   0.545693   0.992883   0.704299
      0.62   0.539872   0.994019   0.699715
      0.63   0.538708   0.993998   0.698731
      0.64   0.528716   0.995128   0.690543
      0.65   0.525029   0.995092   0.687382
      0.66   0.522604   0.995043   0.685289
      0.67   0.519014   0.995006   0.682187
      0.68   0.516492   0.996222   0.680288
      0.69   0.515328   0.996207   0.679274
       0.7   0.505336   0.996154   0.670524
      0.71   0.503783   0.997423   0.669442
      0.72   0.500679   0.997399    0.66669
      0.73   0.498157   0.998682   0.664735
      0.74   0.491366    0.99867   0.658659
      0.75   0.489135   0.998654   0.656647
      0.76   0.483508   0.998634   0.651554
      0.77   0.477105          1      0.646
      0.78   0.473904          1   0.643059
      0.79   0.462359          1   0.632347
       0.8   0.459934          1   0.630075
      0.81    0.45683          1   0.627156
      0.82   0.453628          1   0.624132
      0.83   0.452076          1   0.622662
      0.84   0.430636          1   0.602021
      0.85   0.425204          1   0.596692
      0.86   0.413465          1   0.585038
      0.87   0.408615          1   0.580165
      0.88   0.399107          1   0.570517
      0.89   0.392123          1   0.563345
       0.9   0.379996          1   0.550721
      0.91   0.354676          1   0.523632
      0.92   0.326542          1   0.492321
      0.93   0.307625          1    0.47051
      0.94   0.294529          1   0.455036
      0.95   0.280947          1   0.438655
      0.96   0.269402          1   0.424455
      0.97   0.239523          1   0.386476
      0.98   0.219732          1   0.360296
      0.99   0.182868          1   0.309194
