         0          1   0.331079    0.49746
      0.01   0.925929   0.289357   0.440923
      0.02   0.925929   0.289462   0.441045
      0.03   0.925929   0.289684   0.441303
      0.04   0.925929   0.289799   0.441436
      0.05   0.925929   0.289857   0.441503
      0.06   0.925929   0.290273   0.441986
      0.07   0.925929   0.290801   0.442597
      0.08   0.925639   0.291223   0.443053
      0.09   0.925639   0.292096   0.444063
       0.1   0.925514   0.293384   0.445535
      0.11   0.925182   0.294381   0.446645
      0.12   0.925182   0.295166   0.447549
      0.13   0.924851   0.296407   0.448934
      0.14   0.924768   0.297509   0.450188
      0.15   0.924768   0.299354   0.452296
      0.16   0.924436   0.300445     0.4535
      0.17   0.924312   0.301986   0.455239
      0.18   0.924063   0.302976   0.456333
      0.19   0.923233   0.304816   0.458314
       0.2   0.922777   0.306538   0.460201
      0.21   0.921699   0.309008   0.462843
      0.22   0.921077   0.310332   0.464248
      0.23   0.920372   0.311875   0.465882
      0.24   0.918215   0.314632   0.468671
      0.25   0.917261   0.316728   0.470866
      0.26   0.915561   0.319733   0.473952
      0.27   0.914565    0.32197   0.476271
      0.28   0.910874   0.325015   0.479085
      0.29   0.907017   0.327347   0.481073
       0.3   0.905151    0.33008   0.483751
      0.31    0.90204    0.33264   0.486045
      0.32   0.900423   0.335266   0.488604
      0.33   0.895861   0.338866   0.491731
      0.34   0.891382   0.341596   0.493914
      0.35   0.886073   0.345891   0.497555
      0.36   0.882673   0.347593   0.498772
      0.37   0.876452   0.351158   0.501418
      0.38   0.872553   0.353527   0.503182
      0.39   0.865461   0.357214   0.505703
       0.4   0.861231   0.359244   0.507003
      0.41   0.856171   0.362324   0.509171
      0.42   0.849287   0.366836   0.512364
      0.43   0.843812   0.368869   0.513336
      0.44   0.835974   0.373697   0.516506
      0.45   0.831204    0.37694    0.51867
      0.46   0.818514   0.379747   0.518799
      0.47   0.809348   0.382333   0.519335
      0.48   0.799436    0.38655   0.521122
      0.49   0.794086   0.389874   0.522979
       0.5   0.782847   0.393144   0.523425
      0.51   0.773598   0.397377   0.525049
      0.52   0.766921    0.39917   0.525057
      0.53    0.75423   0.403121   0.525417
      0.54   0.749544    0.40662   0.527226
      0.55   0.741374   0.412597    0.53015
      0.56   0.733494   0.416028   0.530923
      0.57   0.720886   0.422017   0.532375
      0.58   0.711389   0.425076   0.532166
      0.59   0.700191   0.429887   0.532712
       0.6   0.696375   0.434545    0.53515
      0.61   0.682316   0.440527   0.535388
      0.62   0.665312   0.445546    0.53369
      0.63   0.661496   0.449491   0.535265
      0.64   0.653243   0.455618    0.53682
      0.65   0.642253   0.458905   0.535315
      0.66   0.631636   0.464622   0.535406
      0.67   0.622014   0.468082   0.534179
      0.68   0.610733   0.473362   0.533344
      0.69   0.602314   0.477551   0.532725
       0.7   0.590992   0.481717   0.530789
      0.71   0.576476   0.487128   0.528049
      0.72   0.569799   0.489858   0.526813
      0.73   0.553874   0.496426   0.523579
      0.74   0.540851   0.500717   0.520011
      0.75   0.528865   0.506952   0.517677
      0.76    0.51634   0.511155   0.513735
      0.77   0.506179   0.519889   0.512943
      0.78        0.5   0.522434   0.510971
      0.79   0.484199   0.527819   0.505069
       0.8   0.471176   0.533025   0.500196
      0.81   0.464209   0.543019   0.500531
      0.82   0.455209   0.552086   0.498989
      0.83   0.446666   0.559367   0.496703
      0.84     0.4392   0.564462   0.494015
      0.85   0.435717   0.571969   0.494631
      0.86   0.425722   0.577175   0.490012
      0.87    0.42145   0.580721   0.488429
      0.88   0.404156    0.58248   0.477203
      0.89   0.398764   0.590194   0.475952
       0.9   0.386737   0.595229   0.468849
      0.91   0.374336   0.599919   0.461012
      0.92   0.366208   0.604651   0.456149
      0.93   0.355259   0.614405   0.450203
      0.94   0.351029   0.618165   0.447782
      0.95   0.341365   0.623216   0.441112
      0.96   0.330997      0.625    0.43279
      0.97   0.322619   0.633004   0.427406
      0.98   0.315403   0.637345   0.421981
      0.99   0.301634   0.641595    0.41035
