         0          1   0.339259   0.506637
      0.01    0.98419   0.755353    0.85472
      0.02   0.984113    0.75678   0.855603
      0.03   0.982451    0.76103    0.85768
      0.04   0.977387   0.773986   0.863875
      0.05   0.971821   0.785426   0.868738
      0.06    0.96208   0.803127   0.875447
      0.07   0.952455     0.8158   0.878847
      0.08   0.938462   0.830383    0.88112
      0.09   0.923232   0.837439   0.878245
       0.1   0.909857   0.847056   0.877334
      0.11   0.890182   0.852966   0.871176
      0.12   0.876537   0.854933     0.8656
      0.13   0.863549   0.858591   0.861063
      0.14   0.852571   0.860329   0.856432
      0.15   0.838964   0.865026   0.851796
      0.16   0.831465    0.86613   0.848444
      0.17   0.819598   0.869864   0.843983
      0.18    0.81179   0.872776   0.841179
      0.19   0.796019   0.876997   0.834548
       0.2   0.789215   0.880203    0.83223
      0.21   0.776227   0.888044   0.828379
      0.22   0.759142   0.895049   0.821512
      0.23   0.753614   0.898609   0.819749
      0.24   0.741747   0.904215   0.814963
      0.25   0.724468   0.908101   0.805957
      0.26   0.703595    0.91051    0.79379
      0.27   0.696057   0.913778   0.790195
      0.28   0.682141   0.918525   0.782879
      0.29   0.675029   0.921635   0.779288
       0.3    0.66494   0.927558   0.774595
      0.31   0.653923   0.933644   0.769141
      0.32    0.64971     0.9371    0.76738
      0.33   0.637109   0.942222   0.760193
      0.34   0.628682   0.944555   0.754908
      0.35   0.618013   0.946733   0.747845
      0.36   0.609239    0.94705   0.741481
      0.37    0.59598   0.946176   0.731316
      0.38   0.582451   0.947215   0.721342
      0.39   0.566796   0.947759   0.709364
       0.4   0.555006   0.948407   0.700235
      0.41   0.539235    0.94801   0.687446
      0.42   0.523154   0.946617   0.673883
      0.43   0.506069   0.946792   0.659584
      0.44   0.483456   0.945598   0.639801
      0.45   0.466409   0.944785   0.624515
      0.46   0.432934   0.943023   0.593429
      0.47    0.41179   0.941329   0.572943
      0.48   0.373637   0.937182   0.534271
      0.49   0.353885   0.934585   0.513377
       0.5   0.323348   0.929635   0.479807
      0.51   0.286587   0.923529   0.437431
      0.52   0.275609   0.921236   0.424283
      0.53   0.256591   0.916385   0.400922
      0.54   0.244144   0.916221   0.385551
      0.55   0.221221   0.912438   0.356105
      0.56   0.201701   0.912076   0.330347
      0.57   0.191225   0.914027   0.316281
      0.58   0.177078   0.910867   0.296512
      0.59   0.161925   0.909836   0.274922
       0.6   0.150406   0.908957   0.258103
      0.61   0.130151   0.905537    0.22759
      0.62   0.124275   0.905594   0.218558
      0.63   0.116931   0.907063   0.207157
      0.64   0.106842    0.90224   0.191059
      0.65  0.0983378   0.901099   0.177324
      0.66  0.0892926   0.898795   0.162447
      0.67  0.0858137   0.895522   0.156619
      0.68  0.0827213   0.893048   0.151417
      0.69  0.0780441   0.889518   0.143498
       0.7  0.0719366   0.885802   0.133067
      0.71  0.0636258   0.875862   0.118634
      0.72  0.0572091   0.879562   0.107431
      0.73  0.0527638   0.870588  0.0994974
      0.74  0.0482799   0.873469  0.0915021
      0.75  0.0444144   0.877729  0.0845504
      0.76  0.0419405   0.884793  0.0800848
      0.77  0.0389254        0.9  0.0746233
      0.78  0.0385775   0.897959  0.0739769
      0.79  0.0353305   0.889503  0.0679616
       0.8  0.0344028   0.885057  0.0662311
      0.81  0.0298415   0.879747   0.057725
      0.82   0.025976   0.872483    0.05045
      0.83   0.025976   0.876712  0.0504571
      0.84  0.0253576   0.873239   0.049284
      0.85  0.0251643   0.884058  0.0489356
      0.86  0.0239273   0.878788  0.0465862
      0.87   0.022729   0.880952  0.0443147
      0.88  0.0219173   0.882353  0.0427721
      0.89  0.0215694   0.877193  0.0421035
       0.9  0.0206803   0.885714   0.040417
      0.91  0.0201005   0.881188  0.0393044
      0.92  0.0197526   0.887755  0.0386454
      0.93   0.017356   0.905882  0.0340595
      0.94  0.0157712   0.902439  0.0310006
      0.95  0.0147275   0.910256   0.028986
      0.96  0.0136838   0.906667  0.0269607
      0.97  0.0133746   0.942857   0.026375
      0.98  0.0129107   0.942029  0.0254723
      0.99  0.0125242   0.939394  0.0247188
