         0          1   0.393948   0.565226
      0.01   0.959677   0.423951   0.588101
      0.02   0.959677   0.424146   0.588288
      0.03   0.959607   0.424272   0.588396
      0.04   0.959536   0.425403   0.589469
      0.05   0.959394   0.426541   0.590534
      0.06   0.958758   0.428983   0.592749
      0.07   0.957201   0.430821   0.594202
      0.08   0.954902   0.434981   0.597697
      0.09   0.953381   0.437306   0.599588
       0.1    0.95087   0.442224   0.603689
      0.11   0.946201   0.447385    0.60752
      0.12    0.94178   0.451284   0.610181
      0.13   0.933468   0.458309   0.614778
      0.14   0.924767    0.46306   0.617113
      0.15   0.911644   0.470021   0.620255
      0.16   0.900184   0.474564   0.621488
      0.17   0.884479   0.482947    0.62476
      0.18   0.869553   0.486339   0.623792
      0.19   0.846208   0.496862   0.626101
       0.2   0.832484   0.503527   0.627507
      0.21   0.811616   0.511673   0.627651
      0.22   0.786149   0.520273   0.626156
      0.23   0.766023    0.52565    0.62347
      0.24   0.731784    0.53374   0.617266
      0.25   0.713851   0.542329    0.61638
      0.26   0.679117   0.550636   0.608165
      0.27   0.659769   0.560496   0.606095
      0.28   0.625389   0.568737   0.595719
      0.29   0.603353   0.575473   0.589084
       0.3   0.566249   0.580705   0.573386
      0.31   0.531126   0.591611   0.559739
      0.32   0.508206   0.597122   0.549088
      0.33   0.483164   0.608186   0.538514
      0.34   0.462684   0.614393   0.527854
      0.35   0.426075   0.622897   0.506021
      0.36   0.409168   0.632143   0.496783
      0.37   0.382392   0.647752   0.480895
      0.38   0.363186   0.655569   0.467421
      0.39   0.341787   0.662961   0.451041
       0.4   0.329832   0.668436   0.441708
      0.41   0.308645   0.673913   0.423384
      0.42   0.284663   0.669903   0.399546
      0.43   0.274406   0.681188   0.391216
      0.44   0.253325   0.678388   0.368896
      0.45   0.235533    0.68189   0.350128
      0.46   0.217954   0.690043   0.331274
      0.47   0.211694   0.700093   0.325087
      0.48   0.188278   0.701863   0.296909
      0.49   0.182937   0.711329   0.291029
       0.5   0.175156   0.714793   0.281365
      0.51   0.164155   0.725289   0.267718
      0.52   0.160371   0.735901   0.263351
      0.53   0.154711   0.744327   0.256176
      0.54   0.145161   0.745223   0.242991
      0.55    0.13501   0.746903   0.228683
      0.56    0.12592   0.746241    0.21548
      0.57   0.119341   0.755144   0.206109
      0.58     0.1169   0.754797   0.202446
      0.59   0.107987       0.75   0.188791
       0.6   0.101761   0.744417   0.179047
      0.61   0.096951   0.754875   0.171833
      0.62   0.093131      0.775    0.16628
      0.63  0.0879669    0.80427   0.158588
      0.64  0.0715903   0.805668   0.131496
      0.65   0.066886   0.818966   0.123672
      0.66  0.0609437   0.823256   0.113486
      0.67  0.0588214   0.827586   0.109836
      0.68   0.052384   0.846591  0.0986631
      0.69  0.0505447   0.850932  0.0954215
       0.7  0.0481395   0.855172  0.0911481
      0.71  0.0401457   0.841667  0.0766361
      0.72  0.0365379   0.850467  0.0700657
      0.73  0.0316568   0.850575  0.0610417
      0.74  0.0285795       0.85  0.0552997
      0.75  0.0259975   0.852941   0.050457
      0.76   0.023663      0.875  0.0460798
      0.77  0.0203735   0.890909   0.039836
      0.78  0.0200905   0.941176  0.0393413
      0.79  0.0200552   0.979167  0.0393053
       0.8  0.0197015   0.978723  0.0386254
      0.81   0.016129          1   0.031746
      0.82  0.0157753          1  0.0310607
      0.83  0.0146788          1   0.028933
      0.84   0.013547          1  0.0267318
      0.85  0.0119907          1  0.0236972
      0.86  0.0114247          1  0.0225914
      0.87  0.0106819          1  0.0211381
      0.88 0.00764007          1  0.0151643
      0.89 0.00742784          1  0.0147462
       0.9 0.00466893          1 0.00929447
      0.91 0.00442134          1 0.00880375
      0.92 0.00442134          1 0.00880375
      0.93 0.00222835          1  0.0044468
      0.94          0          0          0
      0.95          0          0          0
      0.96          0          0          0
      0.97          0          0          0
      0.98          0          0          0
      0.99          0          0          0
