         0          1   0.310743   0.474148
      0.01   0.950106   0.347028   0.508372
      0.02   0.950106   0.347275   0.508637
      0.03   0.950106   0.347894   0.509301
      0.04   0.950106   0.350291   0.511865
      0.05   0.950106   0.352894   0.514638
      0.06   0.950106   0.358259    0.52032
      0.07   0.950106   0.361762   0.524005
      0.08   0.950106   0.367647    0.53015
      0.09   0.950106   0.372989   0.535682
       0.1   0.950106   0.381046   0.543941
      0.11   0.950066   0.391553   0.554556
      0.12   0.949585   0.397035   0.559948
      0.13   0.948502   0.409869   0.572393
      0.14   0.947459   0.418382   0.580448
      0.15   0.946296   0.431876    0.59308
      0.16   0.945935   0.444224   0.604546
      0.17   0.944451   0.460038   0.618706
      0.18   0.942205   0.470744   0.627818
      0.19   0.939598   0.487461   0.641904
       0.2    0.93675   0.498626   0.650823
      0.21   0.934665   0.517892   0.666487
      0.22   0.930333   0.535691   0.679895
      0.23   0.927285   0.546646   0.687816
      0.24   0.922191   0.566364   0.701749
      0.25   0.918702    0.57873   0.710123
      0.26   0.915413   0.595056   0.721262
      0.27   0.912606   0.606229   0.728517
      0.28   0.906309   0.623339   0.738651
      0.29   0.903501   0.637655   0.747649
       0.3   0.894196   0.656065   0.756841
      0.31   0.884651   0.673046   0.764476
      0.32   0.878875    0.68473    0.76975
      0.33   0.868447   0.704692   0.778046
      0.34   0.865399   0.716947   0.784209
      0.35   0.857418   0.731456   0.789444
      0.36   0.852003   0.740199   0.792176
      0.37   0.844503    0.75104   0.795034
      0.38   0.835319   0.759064   0.795368
      0.39   0.825131    0.77088   0.797084
       0.4   0.816027   0.777965   0.796541
      0.41   0.800826   0.787566   0.794141
      0.42   0.789797   0.795418   0.792597
      0.43   0.778727   0.801882   0.790135
      0.44   0.766294   0.808594   0.786876
      0.45   0.758032   0.813377    0.78473
      0.46   0.744916   0.822471   0.781775
      0.47   0.740464   0.828503   0.782014
      0.48   0.730799   0.835858   0.779806
      0.49   0.724462     0.8389   0.777492
       0.5   0.705531     0.8418   0.767665
      0.51    0.69775   0.845033   0.764361
      0.52   0.689408   0.848374   0.760674
      0.53   0.678819   0.855437   0.756962
      0.54   0.671961   0.859159   0.754116
      0.55   0.658966   0.863064   0.747331
      0.56   0.654634   0.866577   0.745841
      0.57   0.639795    0.87126   0.737799
      0.58   0.636947   0.878863   0.738601
      0.59   0.620623   0.881748   0.728493
       0.6   0.615048   0.883738   0.725309
      0.61   0.605703   0.888071   0.720199
      0.62   0.592428   0.891914   0.711958
      0.63   0.585208   0.893061   0.707079
      0.64   0.579794   0.893787   0.703337
      0.65   0.573096   0.896299   0.699152
      0.66   0.557213   0.899597   0.688171
      0.67   0.546424   0.899863   0.679958
      0.68   0.535636   0.902266    0.67221
      0.69   0.521638   0.903428    0.66139
       0.7   0.508804   0.906047   0.651659
      0.71   0.502025   0.907179    0.64636
      0.72   0.491477   0.908709   0.637929
      0.73   0.479525   0.908649    0.62776
      0.74   0.475113   0.910341   0.624366
      0.75   0.467693   0.911299   0.618145
      0.76   0.463442   0.912018   0.614584
      0.77   0.455982   0.912552   0.608107
      0.78   0.451289   0.911854   0.603766
      0.79   0.443308   0.917981   0.597887
       0.8   0.433843   0.918182   0.589259
      0.81   0.427105   0.919732   0.583325
      0.82   0.416356   0.919087   0.573094
      0.83   0.409698   0.919744    0.56688
      0.84   0.397987   0.918759    0.55539
      0.85   0.386676   0.917487   0.544058
      0.86   0.376529   0.918641   0.534131
      0.87   0.368347   0.918086   0.525755
      0.88   0.353307   0.918575   0.510329
      0.89   0.343801   0.918421   0.500315
       0.9   0.330646   0.915982   0.485896
      0.91   0.315486   0.915094   0.469208
      0.92   0.301287    0.91376   0.453158
      0.93    0.29475      0.913   0.445633
      0.94   0.288453   0.912999   0.438398
      0.95   0.276782   0.911419   0.424615
      0.96   0.272931   0.911159   0.420042
      0.97   0.260057   0.907429   0.404259
      0.98   0.253319   0.904594     0.3958
      0.99   0.240043     0.9022   0.379196
