         0          1   0.172013   0.293534
      0.01   0.973967    0.22171   0.361198
      0.02   0.973967   0.223484   0.363549
      0.03   0.973896    0.22581   0.366615
      0.04   0.973896   0.231246   0.373748
      0.05   0.973609   0.236716   0.380838
      0.06   0.972246   0.245882   0.392501
      0.07   0.972031   0.253126   0.401657
      0.08   0.968158   0.266334   0.417749
      0.09   0.965218   0.276839    0.43027
       0.1   0.960413   0.296514    0.45313
      0.11   0.957186     0.3162   0.475366
      0.12   0.954963   0.329984   0.490484
      0.13   0.948723   0.352856   0.514395
      0.14   0.944277   0.367781   0.529378
      0.15   0.927711   0.389517   0.548666
      0.16   0.920683   0.406474   0.563963
      0.17   0.915017   0.428907   0.584047
      0.18   0.908563   0.444106   0.596596
      0.19   0.892212   0.464785   0.611183
       0.2   0.879662   0.479051   0.620297
      0.21   0.863597   0.500426   0.633664
      0.22   0.843876   0.515102   0.639719
      0.23   0.829389   0.527255   0.644679
      0.24   0.814616   0.538648   0.648493
      0.25   0.803571   0.548095    0.65169
      0.26   0.786001   0.556945   0.651939
      0.27   0.770941   0.566511   0.653102
      0.28   0.745769   0.580852   0.653059
      0.29   0.742757   0.592159   0.658963
       0.3    0.73494   0.607964   0.665449
      0.31   0.721242   0.621961   0.667933
      0.32   0.717585    0.63111   0.671575
      0.33   0.705178   0.642728   0.672506
      0.34   0.692771   0.649767    0.67058
      0.35   0.677783   0.660292   0.668923
      0.36   0.666523   0.669685     0.6681
      0.37   0.656053   0.677948   0.666821
      0.38   0.651176   0.684343   0.667348
      0.39   0.639989   0.693022    0.66545
       0.4   0.637335   0.699848    0.66713
      0.41   0.622347   0.704437   0.660852
      0.42   0.611087   0.709307   0.656544
      0.43   0.598609   0.710702   0.649857
      0.44   0.589573   0.716146   0.646724
      0.45   0.584409   0.718709   0.644638
      0.46   0.573221   0.724059   0.639871
      0.47    0.56856   0.724299   0.637049
      0.48   0.555364   0.722677   0.628069
      0.49   0.545324   0.720827   0.620912
       0.5   0.535786   0.724417   0.615984
      0.51   0.525674   0.727225   0.610238
      0.52   0.519363   0.726933   0.605863
      0.53   0.494693   0.722008   0.587116
      0.54   0.489028   0.720605   0.582649
      0.55   0.469808   0.715863   0.567304
      0.56   0.465433   0.713526   0.563376
      0.57   0.453457   0.709697   0.553352
      0.58   0.444994   0.705412   0.545728
      0.59   0.431655   0.701208   0.534363
       0.6   0.420683   0.698113      0.525
      0.61   0.405336   0.694259   0.511839
      0.62   0.394148   0.686722   0.500837
      0.63    0.38712   0.684062   0.494433
      0.64   0.376865   0.681785   0.485412
      0.65   0.372275   0.680597   0.481291
      0.66   0.364386   0.675634   0.473436
      0.67   0.357071    0.67451   0.466949
      0.68   0.348394   0.667745   0.457886
      0.69     0.3428   0.663358   0.452015
       0.7   0.330321   0.652137   0.438522
      0.71    0.31899   0.640141   0.425799
      0.72   0.313325   0.635305   0.419672
      0.73   0.297189   0.623845    0.40259
      0.74   0.285069   0.618557   0.390275
      0.75   0.280049   0.612069   0.384275
      0.76   0.267212   0.606061   0.370896
      0.77   0.256813      0.599   0.359497
      0.78   0.252797   0.593306   0.354534
      0.79   0.248996   0.590722   0.350326
       0.8    0.24455   0.588297   0.345484
      0.81   0.236733   0.579288    0.33611
      0.82   0.232501   0.572536   0.330706
      0.83   0.225975    0.56314   0.322528
      0.84   0.216294   0.554259    0.31116
      0.85   0.209696   0.549763   0.303593
      0.86   0.200803   0.540342   0.292797
      0.87   0.194277   0.533582   0.284843
      0.88   0.191552   0.530227   0.281432
      0.89   0.190046   0.529262   0.279669
       0.9   0.182874   0.522251   0.270892
      0.91   0.180149    0.52139   0.267777
      0.92    0.17893   0.523161   0.266658
      0.93   0.175344   0.518258   0.262034
      0.94   0.170683    0.52029   0.257042
      0.95   0.163798   0.521277   0.249269
      0.96   0.161647   0.525984   0.247294
      0.97   0.157487   0.529118   0.242728
      0.98   0.152969   0.523316   0.236738
      0.99   0.146658   0.522442   0.229025
