         0          1   0.171113   0.292223
      0.01   0.968851   0.142908   0.249076
      0.02   0.968851   0.143722   0.250312
      0.03   0.968375   0.144631   0.251674
      0.04    0.96828   0.146816   0.254971
      0.05    0.96828   0.148624   0.257694
      0.06   0.967803   0.152592    0.26362
      0.07   0.967041   0.155272    0.26758
      0.08   0.965994   0.160129   0.274718
      0.09   0.964946   0.163952   0.280282
       0.1   0.959516   0.170196   0.289111
      0.11   0.955706   0.179035   0.301575
      0.12   0.951705   0.184935   0.309691
      0.13     0.9478   0.195841   0.324609
      0.14   0.941798   0.203892   0.335213
      0.15   0.933511   0.216064   0.350909
      0.16   0.926176   0.224789   0.361773
      0.17   0.914936   0.241615   0.382279
      0.18   0.902362   0.253868   0.396255
      0.19   0.896837   0.273848   0.419578
       0.2   0.891408   0.288724   0.436173
      0.21   0.879406   0.310988   0.459486
      0.22   0.870737   0.334615   0.483447
      0.23   0.854829   0.352484   0.499147
      0.24   0.844828   0.379722   0.523947
      0.25   0.839779   0.399348   0.541291
      0.26   0.828539   0.428292   0.564685
      0.27   0.819299   0.447135   0.578533
      0.28   0.811488   0.474767   0.599053
      0.29   0.808154   0.493253   0.612605
       0.3   0.796247   0.521797   0.630448
      0.31   0.781196   0.545605   0.642484
      0.32    0.77329   0.561399   0.650525
      0.33    0.76205     0.5834   0.660864
      0.34   0.754715   0.597156   0.666754
      0.35   0.743284   0.616945   0.674248
      0.36   0.734235   0.630516   0.678434
      0.37   0.721185   0.647097   0.682135
      0.38   0.707659   0.654589    0.68009
      0.39   0.693084     0.6675   0.680052
       0.4   0.687845   0.674495   0.681105
      0.41   0.676415   0.686579   0.681459
      0.42   0.662983    0.69849   0.680274
      0.43   0.646599   0.701009   0.672706
      0.44   0.626881   0.708554    0.66522
      0.45   0.612974   0.714286   0.659763
      0.46    0.59097   0.720807   0.649463
      0.47   0.581158   0.723743   0.644661
      0.48   0.560869   0.727934   0.633573
      0.49   0.534102   0.733801   0.618225
       0.5   0.519528   0.740762   0.610727
      0.51   0.501905   0.748647   0.600934
      0.52   0.489808   0.749844   0.592553
      0.53   0.466946   0.754605   0.576906
      0.54   0.457992   0.760766    0.57177
      0.55    0.44037   0.769671   0.560212
      0.56   0.421795   0.771218   0.545335
      0.57   0.402648   0.784543   0.532172
      0.58   0.391408    0.78905   0.523255
      0.59   0.376643   0.796782   0.511498
       0.6   0.365403   0.800702   0.501805
      0.61   0.350829   0.808728   0.489368
      0.62   0.338731   0.812133   0.478066
      0.63   0.327872     0.8125   0.467209
      0.64   0.321966   0.821353   0.462597
      0.65   0.315108    0.82519   0.456063
      0.66   0.307106    0.83524   0.449089
      0.67   0.292818   0.841478   0.434454
      0.68   0.281863   0.851711   0.423556
      0.69   0.279291   0.868176   0.422625
       0.7   0.271385   0.887955   0.415715
      0.71   0.263479   0.901034    0.40773
      0.72   0.261097   0.909786    0.40575
      0.73   0.243284   0.921053   0.384902
      0.74    0.23776    0.92517     0.3783
      0.75   0.230901   0.926523   0.369675
      0.76   0.225376   0.927911   0.362666
      0.77   0.218994   0.934741   0.354852
      0.78   0.215946   0.936759   0.350982
      0.79   0.210802   0.943158   0.344587
       0.8   0.206516   0.946785   0.339072
      0.81   0.199752   0.949519   0.330068
      0.82   0.187274   0.965879    0.31372
      0.83   0.166317   0.966942   0.283817
      0.84   0.163936   0.971751   0.280544
      0.85    0.15784   0.973761   0.271647
      0.86   0.154601   0.978916    0.26703
      0.87   0.147838   0.987461   0.257173
      0.88   0.145837   0.986755   0.254117
      0.89   0.139741   0.989726   0.244904
       0.9   0.138217   0.989286   0.242547
      0.91   0.133359   0.992509   0.235125
      0.92   0.131358   0.992188   0.232001
      0.93     0.1245          1   0.221432
      0.94   0.119261          1   0.213106
      0.95   0.118404          1   0.211737
      0.96    0.11707          1   0.209602
      0.97   0.115641          1   0.207309
      0.98   0.112783          1   0.202705
      0.99   0.110974          1   0.199777
