         0          1   0.391539   0.562742
      0.01   0.875491    0.47997   0.620024
      0.02    0.87535   0.480041   0.620048
      0.03   0.875315   0.480039   0.620038
      0.04    0.87507   0.480142   0.620062
      0.05    0.87465   0.480139   0.619954
      0.06   0.871461   0.479389   0.618527
      0.07   0.870444   0.479617    0.61846
      0.08   0.864767   0.479006   0.616516
      0.09   0.859686   0.478071   0.614448
       0.1   0.851241   0.476338   0.610854
      0.11   0.840692    0.47533   0.607294
      0.12   0.832527   0.476264   0.605907
      0.13   0.821909   0.480734   0.606643
      0.14   0.812272   0.483615   0.606267
      0.15    0.80218   0.488492   0.607216
      0.16    0.79058   0.490728   0.605568
      0.17   0.775407   0.496836   0.605623
      0.18   0.763597   0.502461   0.606098
      0.19   0.744078   0.510474   0.605526
       0.2    0.73756   0.515427   0.606803
      0.21   0.722386   0.522111   0.606134
      0.22   0.706546   0.529478   0.605329
      0.23   0.698136   0.534778   0.605635
      0.24   0.684188   0.542962   0.605449
      0.25   0.672659   0.549293   0.604748
      0.26   0.660814   0.557697   0.604893
      0.27   0.645571   0.563771   0.601904
      0.28   0.630817   0.573989   0.601063
      0.29   0.619638   0.581287    0.59985
       0.3   0.600294   0.593451   0.596853
      0.31   0.585541   0.606051    0.59562
      0.32   0.575834   0.614774   0.594667
      0.33   0.564971   0.628144   0.594885
      0.34   0.555334   0.636797   0.593282
      0.35    0.54475   0.653253   0.594088
      0.36   0.535674   0.661038    0.59179
      0.37   0.522813   0.670249   0.587421
      0.38   0.510828   0.675971    0.58191
      0.39   0.502278    0.68861   0.580867
       0.4    0.49229   0.695641   0.576561
      0.41    0.47589   0.706051   0.568561
      0.42   0.466428   0.718508   0.565655
      0.43   0.458263   0.726385   0.561982
      0.44   0.444421   0.737337   0.554577
      0.45   0.437728   0.748897   0.552513
      0.46   0.425392   0.760797   0.545676
      0.47   0.415545   0.768246   0.539354
      0.48   0.398549   0.779044   0.527325
      0.49   0.393398   0.785877   0.524326
       0.5   0.380537        0.8   0.515748
      0.51   0.368342    0.80997   0.506395
      0.52   0.360387   0.821048   0.500908
      0.53   0.348192   0.837889    0.49195
      0.54   0.341709   0.851743   0.487742
      0.55    0.33088   0.861873   0.478182
      0.56   0.320718   0.867238   0.468264
      0.57   0.313008   0.876889    0.46134
      0.58   0.306665   0.882353   0.455144
      0.59   0.295206   0.889964    0.44335
       0.6   0.291737    0.89595   0.440152
      0.61   0.284378   0.900649   0.432268
      0.62   0.279401   0.907495   0.427258
      0.63   0.278105   0.910591    0.42608
      0.64    0.27446   0.918338   0.422615
      0.65    0.27015   0.920975   0.417759
      0.66   0.264893   0.925811   0.411926
      0.67   0.260408   0.927778   0.406672
      0.68   0.251191   0.937448   0.396216
      0.69   0.246391   0.942341   0.390641
       0.7   0.240854   0.945897   0.383944
      0.71   0.234721   0.957627    0.37703
      0.72   0.230761   0.958008   0.371933
      0.73   0.222105   0.959752   0.360731
      0.74   0.218601   0.963983   0.356385
      0.75   0.211417   0.965971   0.346908
      0.76   0.205355   0.970455   0.338979
      0.77    0.19754   0.981993   0.328915
      0.78   0.192984   0.982652   0.322611
      0.79   0.187132   0.984456   0.314485
       0.8   0.182016   0.984043   0.307208
      0.81   0.172379   0.987288   0.293511
      0.82   0.164529    0.99851   0.282508
      0.83   0.162426          1   0.279461
      0.84   0.157065          1   0.271488
      0.85   0.152614          1   0.264814
      0.86   0.146552          1   0.255639
      0.87   0.144905          1    0.25313
      0.88   0.142837          1   0.249969
      0.89   0.141155          1    0.24739
       0.9   0.138001          1   0.242532
      0.91   0.136074          1   0.239551
      0.92   0.132955          1   0.234705
      0.93   0.131133          1   0.231861
      0.94   0.128469          1   0.227688
      0.95   0.125981          1   0.223771
      0.96   0.124334          1   0.221169
      0.97   0.122792          1   0.218727
      0.98   0.120549          1   0.215161
      0.99   0.118797          1   0.212366
