         0          1   0.216663    0.35616
      0.01   0.996649   0.699411   0.821984
      0.02   0.996649   0.699564    0.82209
      0.03   0.996513   0.699817   0.822218
      0.04   0.996513   0.701727   0.823535
      0.05   0.996513   0.702741   0.824233
      0.06   0.996467   0.707139   0.827234
      0.07   0.996467   0.711101   0.829939
      0.08   0.996377   0.716471   0.833553
      0.09   0.996377   0.719205     0.8354
       0.1   0.995018    0.72239   0.837065
      0.11   0.993614   0.726812   0.839525
      0.12   0.993025   0.729461   0.841079
      0.13   0.992346   0.734636   0.844263
      0.14   0.990806   0.738126   0.846001
      0.15   0.988225   0.744636    0.84931
      0.16   0.987953    0.74611   0.850167
      0.17   0.986504   0.749667   0.851932
      0.18   0.985371   0.752142   0.853104
      0.19   0.983333   0.757089   0.855506
       0.2   0.982337   0.759496   0.856662
      0.21   0.979982   0.766884   0.860435
      0.22   0.978804    0.77519   0.865179
      0.23   0.976585   0.782242   0.868676
      0.24   0.975226   0.791199   0.873626
      0.25   0.974728   0.796054   0.876377
      0.26   0.973687   0.802626    0.87992
      0.27    0.97337   0.808249   0.883157
      0.28   0.970743   0.818345   0.888053
      0.29   0.969611   0.822923   0.890265
       0.3   0.968886   0.831928   0.895199
      0.31   0.966486   0.841233    0.89952
      0.32   0.965806   0.845942   0.901909
      0.33   0.956793   0.854856   0.902957
      0.34   0.955933   0.860399   0.905653
      0.35   0.953759   0.868215   0.908979
      0.36   0.950453     0.8767   0.912088
      0.37   0.949457   0.887708   0.917545
      0.38   0.947917   0.893049   0.919665
      0.39   0.945245   0.904443   0.924394
       0.4   0.944067   0.911395   0.927444
      0.41   0.942301   0.920128   0.931082
      0.42   0.940263   0.927141   0.933656
      0.43    0.93827   0.931864   0.935056
      0.44   0.933333   0.939002   0.936159
      0.45   0.932156   0.943386   0.937737
      0.46   0.927264   0.950146   0.938566
      0.47   0.925906    0.95418    0.93983
      0.48   0.920562   0.960677   0.940192
      0.49   0.915036   0.964946   0.939329
       0.5   0.911549    0.97007   0.939899
      0.51   0.907382   0.973908   0.939469
      0.52   0.904937   0.976804   0.939498
      0.53   0.899049   0.980284   0.937911
      0.54   0.892708   0.983016   0.935688
      0.55    0.88673   0.986074   0.933767
      0.56   0.882428   0.988077   0.932269
      0.57   0.876449   0.989157   0.929398
      0.58   0.873641   0.989994   0.928185
      0.59   0.870562   0.991728   0.927203
       0.6    0.86875   0.993513   0.926952
      0.61   0.860054    0.99437   0.922348
      0.62   0.849638   0.996183   0.917093
      0.63   0.845471   0.997118   0.915054
      0.64   0.836458   0.997066   0.909728
      0.65   0.830707   0.997368    0.90644
      0.66   0.816395   0.997983   0.898102
      0.67    0.80779   0.998299   0.892997
      0.68   0.798279   0.998618    0.88728
      0.69   0.791621   0.998604   0.883147
       0.7   0.781431   0.998935   0.876897
      0.71   0.771422    0.99928   0.870691
      0.72   0.768705   0.999275   0.868955
      0.73   0.763813   0.999265   0.865818
      0.74   0.756386    0.99926   0.861023
      0.75   0.747509    0.99925   0.855239
      0.76   0.743524   0.999243   0.852622
      0.77   0.740263   0.999616   0.850609
      0.78   0.732835   0.999613   0.845684
      0.79   0.722237   0.999608   0.838582
       0.8   0.719067   0.999605    0.83644
      0.81   0.711051   0.999598   0.830989
      0.82   0.700815          1   0.824093
      0.83   0.694384          1    0.81963
      0.84   0.686458          1   0.814083
      0.85   0.685462          1   0.813382
      0.86   0.681476          1   0.810569
      0.87   0.676766          1   0.807228
      0.88   0.663813          1   0.797942
      0.89   0.654937          1   0.791494
       0.9   0.647056          1   0.785712
      0.91   0.631612          1   0.774219
      0.92   0.627129          1   0.770841
      0.93   0.619792          1   0.765273
      0.94   0.613995          1   0.760838
      0.95   0.605344          1   0.754161
      0.96   0.600045          1   0.750035
      0.97   0.589312          1   0.741594
      0.98   0.583696          1   0.737131
      0.99   0.574275          1   0.729574
