         0          1   0.205491   0.340925
      0.01   0.952337   0.300569   0.456927
      0.02   0.952337   0.301576   0.458089
      0.03   0.952337   0.303895   0.460759
      0.04   0.952087   0.308042   0.465481
      0.05   0.952004   0.313232   0.471372
      0.06   0.950671   0.322824    0.48198
      0.07   0.950004   0.329808   0.489633
      0.08   0.946671   0.343619   0.504219
      0.09   0.944005   0.354952   0.515916
       0.1   0.933172   0.373486   0.533463
      0.11    0.91984   0.398596   0.556181
      0.12   0.909924   0.416309   0.571256
      0.13   0.893342   0.438355   0.588123
      0.14   0.880427   0.457132     0.6018
      0.15   0.854012   0.491129   0.623623
      0.16   0.829181   0.513445   0.634188
      0.17   0.804266   0.550019   0.653277
      0.18   0.786851    0.57373   0.663599
      0.19   0.758603   0.616033   0.679925
       0.2   0.728439   0.642572   0.682817
      0.21   0.707941   0.693136    0.70046
      0.22   0.687693   0.733145   0.709692
      0.23   0.665445   0.758728   0.709031
      0.24    0.63478   0.790129   0.703986
      0.25   0.618615   0.807357   0.700495
      0.26   0.591951   0.831516   0.691574
      0.27   0.572536   0.849462   0.684034
      0.28   0.548538   0.863242   0.670814
      0.29    0.52579   0.871201   0.655793
       0.3   0.504041   0.894024   0.644641
      0.31   0.470211   0.914491   0.621078
      0.32   0.455212   0.918605   0.608756
      0.33   0.435464    0.93559    0.59431
      0.34   0.406383   0.941247   0.567673
      0.35   0.372636   0.947791   0.534949
      0.36   0.352387   0.958807   0.515364
      0.37    0.32364   0.957547   0.483771
      0.38   0.311474   0.964041   0.470827
      0.39   0.290309   0.967681   0.446628
       0.4   0.272811    0.97541    0.42637
      0.41    0.24348   0.982927   0.390283
      0.42   0.212816    0.98338   0.349907
      0.43    0.20365    0.98494   0.337514
      0.44   0.169736   0.989209   0.289754
      0.45   0.164736   0.992157   0.282557
      0.46   0.137655          1   0.241998
      0.47    0.11749          1   0.210275
      0.48   0.108408          1    0.19561
      0.49   0.100742          1   0.183043
       0.5  0.0787434          1   0.145991
      0.51  0.0712441          1   0.133012
      0.52   0.067411          1   0.126308
      0.53  0.0615782          1   0.116013
      0.54  0.0562453          1     0.1065
      0.55  0.0543288          1   0.103059
      0.56  0.0535789          1   0.101708
      0.57  0.0516624          1   0.098249
      0.58  0.0516624          1   0.098249
      0.59  0.0468294          1  0.0894691
       0.6  0.0465795          1  0.0890127
      0.61  0.0421632          1  0.0809147
      0.62  0.0421632          1  0.0809147
      0.63  0.0416632          1  0.0799936
      0.64  0.0416632          1  0.0799936
      0.65  0.0409133          1  0.0786103
      0.66  0.0393301          1  0.0756835
      0.67  0.0392467          1  0.0755292
      0.68  0.0368303          1   0.071044
      0.69  0.0368303          1   0.071044
       0.7  0.0300808          1  0.0584048
      0.71  0.0300808          1  0.0584048
      0.72  0.0300808          1  0.0584048
      0.73  0.0300808          1  0.0584048
      0.74  0.0300808          1  0.0584048
      0.75  0.0300808          1  0.0584048
      0.76  0.0300808          1  0.0584048
      0.77  0.0295809          1   0.057462
      0.78  0.0294975          1  0.0573047
      0.79  0.0293309          1  0.0569902
       0.8  0.0293309          1  0.0569902
      0.81  0.0293309          1  0.0569902
      0.82  0.0289976          1  0.0563608
      0.83  0.0289976          1  0.0563608
      0.84  0.0264145          1  0.0514694
      0.85  0.0264145          1  0.0514694
      0.86  0.0264145          1  0.0514694
      0.87  0.0259145          1  0.0505198
      0.88  0.0259145          1  0.0505198
      0.89  0.0259145          1  0.0505198
       0.9  0.0251646          1  0.0490937
      0.91  0.0251646          1  0.0490937
      0.92  0.0251646          1  0.0490937
      0.93  0.0251646          1  0.0490937
      0.94  0.0251646          1  0.0490937
      0.95  0.0246646          1  0.0481418
      0.96  0.0246646          1  0.0481418
      0.97  0.0246646          1  0.0481418
      0.98  0.0246646          1  0.0481418
      0.99  0.0232481          1  0.0454397
