         0          1   0.214804   0.353644
      0.01   0.949466   0.467095   0.626151
      0.02   0.949466   0.489695   0.646139
      0.03   0.948571   0.508857   0.662382
      0.04   0.944465   0.539154   0.686446
      0.05   0.941106   0.562216   0.703914
      0.06   0.931403   0.594493   0.725754
      0.07   0.920952   0.613851   0.736677
      0.08    0.90162   0.638333   0.747469
      0.09   0.890498   0.656098   0.755536
       0.1   0.869299   0.681742   0.764181
      0.11   0.858998   0.705311   0.774605
      0.12   0.851534   0.715907   0.777853
      0.13   0.834664   0.728228   0.777822
      0.14   0.823692    0.73512    0.77689
      0.15   0.809062    0.74666    0.77661
      0.16   0.797492    0.75216   0.774163
      0.17   0.782787   0.764326   0.773447
      0.18   0.777264   0.772051   0.774649
      0.19   0.768082   0.778115   0.773066
       0.2    0.76129   0.777809   0.769461
      0.21   0.746137   0.782225   0.763755
      0.22    0.72979   0.785076   0.756424
      0.23   0.717101   0.787072   0.750459
      0.24   0.704635   0.792148   0.745833
      0.25   0.691871   0.797807   0.741072
      0.26   0.675375   0.804614   0.734352
      0.27   0.664925   0.809203   0.730004
      0.28   0.652609   0.815542   0.725034
      0.29   0.633351   0.817776   0.713844
       0.3   0.622005   0.824232    0.70898
      0.31   0.607002   0.824866   0.699359
      0.32   0.593566   0.829032   0.691812
      0.33   0.574382     0.8343   0.680362
      0.34    0.55602   0.838612   0.668686
      0.35   0.547511   0.845592   0.664661
      0.36   0.538703   0.849785   0.659396
      0.37   0.524819   0.859472   0.651694
      0.38   0.514369   0.862269   0.644359
      0.39   0.500261   0.868803   0.634928
       0.4    0.49317   0.873678    0.63046
      0.41   0.471449   0.877551   0.613374
      0.42   0.444428   0.878049   0.590149
      0.43    0.43674   0.878485   0.583428
      0.44   0.423901    0.87931   0.572034
      0.45    0.41472   0.882217   0.564211
      0.46   0.400314   0.883721   0.551022
      0.47   0.394641   0.884615   0.545794
      0.48   0.383369   0.885009   0.534991
      0.49    0.37598   0.888112   0.528304
       0.5    0.36232   0.890009   0.514989
      0.51   0.350899   0.893983    0.50398
      0.52   0.344107   0.893451   0.496854
      0.53   0.324177   0.893769   0.475784
      0.54   0.319176   0.892931   0.470259
      0.55    0.30992   0.895299   0.460449
      0.56   0.308129   0.893013   0.458169
      0.57   0.301112   0.892777   0.450337
      0.58   0.293872   0.892361   0.442139
      0.59    0.29111   0.897252   0.439595
       0.6   0.287527   0.899756   0.435792
      0.61   0.274464   0.899743    0.42062
      0.62    0.26282   0.901351   0.406973
      0.63    0.25446   0.899861   0.396733
      0.64   0.247369   0.901876   0.388248
      0.65   0.245353   0.905605   0.386101
      0.66    0.24401   0.912121    0.38502
      0.67   0.243263    0.91358   0.384219
      0.68   0.239755   0.912621   0.379747
      0.69   0.237516   0.911475   0.376835
       0.7   0.226991   0.913941   0.363661
      0.71    0.22087   0.912966    0.35569
      0.72     0.2199   0.913357    0.35446
      0.73   0.217959   0.912801   0.351893
      0.74   0.214078   0.910816   0.346674
      0.75    0.21057   0.911937   0.342138
      0.76   0.206688   0.913131   0.337078
      0.77   0.202284   0.909664    0.33097
      0.78   0.198627   0.911828   0.326197
      0.79   0.195939   0.908277   0.322341
       0.8   0.191461   0.907621   0.316216
      0.81    0.18534   0.910412   0.307982
      0.82   0.172501   0.909548   0.290002
      0.83   0.170038   0.910026   0.286537
      0.84   0.168918   0.913386    0.28511
      0.85   0.166007   0.913043   0.280936
      0.86   0.163246   0.912429   0.276942
      0.87   0.158543   0.912536    0.27015
      0.88   0.155109   0.916923   0.265334
      0.89   0.152646   0.913462    0.26158
       0.9   0.142793   0.916667   0.247095
      0.91   0.126819   0.915385   0.222775
      0.92   0.123908    0.91498    0.21826
      0.93   0.117414   0.915929   0.208146
      0.94   0.108233   0.919431   0.193668
      0.95   0.101441   0.918782   0.182709
      0.96  0.0994252   0.930108   0.179647
      0.97  0.0972606   0.943182   0.176337
      0.98  0.0958424   0.940828   0.173963
      0.99  0.0880048   0.942308   0.160976
