         0          1   0.406617   0.578148
      0.01   0.877834   0.588248   0.704441
      0.02   0.877715   0.589348   0.705191
      0.03   0.877715   0.591314   0.706596
      0.04   0.877477   0.595585   0.709559
      0.05    0.87716   0.598334   0.711402
      0.06   0.874346   0.604995   0.715149
      0.07   0.867845   0.609381   0.716002
      0.08   0.855399   0.616717   0.716708
      0.09   0.844538   0.621265   0.715897
       0.1   0.822657   0.630927   0.714147
      0.11   0.804701   0.635947   0.710441
      0.12   0.788212   0.640725   0.706857
      0.13   0.765102   0.644493   0.699638
      0.14   0.744451   0.646306   0.691915
      0.15   0.717338   0.653117   0.683722
      0.16   0.699699     0.6568   0.677571
      0.17   0.679404   0.661901   0.670538
      0.18   0.665293   0.664592   0.664942
      0.19   0.637546   0.667456   0.652158
       0.2   0.619193   0.670855   0.643989
      0.21   0.604249    0.67908   0.639483
      0.22   0.584192   0.683278   0.629862
      0.23   0.570121   0.686865   0.623071
      0.24   0.550103   0.692913   0.613304
      0.25   0.535992   0.698225   0.606446
      0.26   0.510346   0.702032   0.591035
      0.27   0.492825   0.707651   0.581017
      0.28   0.470033   0.710936   0.565914
      0.29   0.456794   0.710632   0.556117
       0.3   0.437292   0.717647   0.543442
      0.31   0.421357   0.725885   0.533204
      0.32   0.408475   0.727438   0.523174
      0.33   0.385445   0.731246   0.504804
      0.34   0.372681   0.733058   0.494144
      0.35   0.355795   0.732036   0.478852
      0.36   0.343388   0.735422   0.468174
      0.37   0.323014   0.736797   0.449129
      0.38   0.302878   0.736532   0.429242
      0.39    0.27636   0.730409   0.400997
       0.4   0.271167   0.729188   0.395323
      0.41   0.260068   0.724138   0.382695
      0.42   0.245243    0.72568   0.366596
      0.43   0.235215   0.723391   0.354999
      0.44   0.218606   0.729469   0.336401
      0.45   0.212978   0.731795   0.329933
      0.46   0.200769   0.736471   0.315523
      0.47    0.19411   0.752761   0.308634
      0.48   0.185706   0.772556   0.299435
      0.49   0.175559   0.769308   0.285879
       0.5   0.162082   0.772627   0.267953
      0.51   0.152212   0.804786   0.256005
      0.52   0.144562   0.830812   0.246272
      0.53   0.132948   0.852359   0.230018
      0.54    0.12609      0.856   0.219803
      0.55   0.112415   0.863717   0.198937
      0.56   0.108055   0.871508    0.19227
      0.57  0.0959648   0.870259   0.172867
      0.58  0.0909704   0.868922   0.164698
      0.59  0.0867687    0.87935   0.157952
       0.6  0.0805851      0.875   0.147579
      0.61  0.0738465   0.868074   0.136114
      0.62  0.0711115   0.858757   0.131346
      0.63  0.0674647   0.855856    0.12507
      0.64  0.0637387       0.84   0.118487
      0.65  0.0587839   0.829787    0.10979
      0.66  0.0530759   0.809524  0.0996203
      0.67   0.051094   0.800847  0.0960595
      0.68  0.0460203   0.803738   0.087056
      0.69  0.0447915   0.824121  0.0849651
       0.7  0.0429285   0.853107  0.0817436
      0.71  0.0396385    0.86875  0.0758177
      0.72  0.0383701   0.875862  0.0735194
      0.73  0.0342477       0.88  0.0659295
      0.74  0.0332963   0.896552  0.0642081
      0.75  0.0305216    0.93617  0.0591159
      0.76  0.0283019   0.988095  0.0550276
      0.77    0.02632   0.987179  0.0512729
      0.78  0.0256461          1  0.0500097
      0.79  0.0227921          1  0.0445685
       0.8  0.0202156          1  0.0396301
      0.81  0.0160536          1  0.0315999
      0.82  0.0143491          1  0.0282923
      0.83  0.0140717          1  0.0277528
      0.84  0.0106628          1  0.0211005
      0.85  0.0104249          1  0.0206347
      0.86  0.0104249          1  0.0206347
      0.87  0.0104249          1  0.0206347
      0.88  0.0100682          1  0.0199356
      0.89  0.0100682          1  0.0199356
       0.9 0.00979071          1  0.0193916
      0.91 0.00979071          1  0.0193916
      0.92  0.0094736          1  0.0187694
      0.93  0.0094736          1  0.0187694
      0.94 0.00923577          1  0.0183025
      0.95 0.00891866          1  0.0176796
      0.96 0.00891866          1  0.0176796
      0.97 0.00800698          1  0.0158867
      0.98 0.00800698          1  0.0158867
      0.99 0.00800698          1  0.0158867
