         0          1   0.364376   0.534128
      0.01   0.957472   0.398981   0.563253
      0.02   0.957472   0.399303   0.563573
      0.03   0.957472   0.399838   0.564107
      0.04   0.957161   0.401269   0.565475
      0.05   0.956954   0.402529   0.566689
      0.06   0.956074   0.404328   0.568314
      0.07   0.955297   0.406059   0.569883
      0.08   0.954002   0.410077   0.573595
      0.09   0.952758   0.411843   0.575094
       0.1   0.948873   0.416303   0.578707
      0.11   0.944108   0.420979   0.582307
      0.12   0.938047   0.424245   0.584253
      0.13   0.929345   0.431331     0.5892
      0.14   0.924735   0.436435   0.592999
      0.15   0.915152   0.444524   0.598389
      0.16   0.908003   0.451005   0.602666
      0.17    0.89728   0.460215   0.608388
      0.18   0.887646   0.466037   0.611185
      0.19   0.871329   0.476378   0.615982
       0.2    0.86071   0.483762   0.619394
      0.21   0.845325    0.49378   0.623408
      0.22   0.832168   0.504661   0.628297
      0.23   0.819995   0.510972   0.629609
      0.24   0.805439   0.518456   0.630843
      0.25   0.789277   0.523798     0.6297
      0.26    0.76633   0.533192   0.628848
      0.27   0.758715    0.54123    0.63178
      0.28   0.740171   0.551122   0.631808
      0.29   0.726496   0.559194    0.63196
       0.3   0.706294   0.567809   0.629526
      0.31   0.693654   0.577099   0.630031
      0.32   0.683605   0.583007   0.629311
      0.33   0.664128   0.590416   0.625107
      0.34   0.652991   0.596121   0.623262
      0.35   0.637451   0.605216   0.620915
      0.36   0.622015   0.613188    0.61757
      0.37        0.6   0.621431   0.610527
      0.38   0.591453   0.627714   0.609044
      0.39   0.576379   0.634982   0.604263
       0.4   0.565657   0.640833   0.600903
      0.41   0.546542   0.650299   0.593923
      0.42   0.525201   0.662392   0.585872
      0.43    0.50821   0.666111   0.576545
      0.44   0.485574   0.674923   0.564801
      0.45   0.473711       0.68   0.558413
      0.46   0.453613   0.690627   0.547573
      0.47   0.442476   0.697422   0.541439
      0.48   0.429733   0.703388   0.533516
      0.49   0.422533   0.709713   0.529703
       0.5   0.411189   0.717119   0.522679
      0.51   0.397514   0.724149   0.513272
      0.52   0.385962   0.727157   0.504268
      0.53   0.374877   0.732423   0.495924
      0.54   0.368091   0.736643    0.49089
      0.55   0.352655   0.744998   0.478707
      0.56    0.34618   0.747646   0.473238
      0.57   0.337426   0.756405   0.466673
      0.58    0.32805    0.76334   0.458889
      0.59   0.312924   0.768967   0.444829
       0.6   0.305102   0.773593   0.437612
      0.61   0.294276   0.779795     0.4273
      0.62   0.288941   0.781995   0.421968
      0.63   0.284745    0.78593   0.418035
      0.64   0.271173   0.788665    0.40358
      0.65   0.267236   0.790393   0.399425
      0.66   0.259518   0.793143   0.391076
      0.67   0.253199   0.795096   0.384085
      0.68   0.247863   0.803898   0.378901
      0.69   0.242476   0.806533   0.372856
       0.7   0.237969   0.813194   0.368193
      0.71   0.232271   0.819595   0.361963
      0.72   0.228749   0.822423    0.35794
      0.73   0.220979   0.827106   0.348775
      0.74    0.21497   0.827639   0.341293
      0.75   0.209946   0.834928   0.335523
      0.76   0.204869   0.839242   0.329342
      0.77   0.200466   0.846419   0.324159
      0.78   0.194924   0.847653    0.31696
      0.79     0.1885   0.847846   0.308428
       0.8   0.183838   0.850423   0.302323
      0.81   0.180005   0.849167   0.297044
      0.82   0.174359   0.854954   0.289647
      0.83   0.171821   0.860021   0.286419
      0.84   0.161927    0.86431   0.272754
      0.85   0.159751   0.867371    0.26981
      0.86   0.153069   0.870927   0.260376
      0.87   0.147319   0.869792   0.251963
      0.88   0.143901   0.882674   0.247458
      0.89   0.140793   0.889831   0.243118
       0.9   0.132712   0.892537   0.231066
      0.91   0.128464   0.897036   0.224743
      0.92   0.126444   0.899038   0.221706
      0.93   0.124372   0.899506   0.218529
      0.94   0.121886   0.896959   0.214608
      0.95   0.119814   0.895204   0.211341
      0.96   0.116084   0.893967   0.205485
      0.97   0.113442   0.893333   0.201319
      0.98   0.105983   0.889764   0.189405
      0.99   0.104015    0.88866   0.186231
