         0          1   0.374026   0.544424
      0.01   0.745755   0.334585   0.461926
      0.02   0.745755   0.334777   0.462109
      0.03   0.745755   0.335224   0.462534
      0.04   0.745755   0.336363   0.463617
      0.05   0.745755   0.337737   0.464921
      0.06   0.745635   0.340159   0.467187
      0.07   0.745516   0.342226   0.469109
      0.08   0.745516   0.346392   0.473009
      0.09   0.745099   0.349257   0.475588
       0.1   0.743073   0.353638   0.479212
      0.11   0.742358   0.359566   0.484474
      0.12   0.741762   0.363892   0.488257
      0.13   0.738485   0.370787   0.493694
      0.14   0.736936   0.374485    0.49661
      0.15   0.731097   0.381572   0.501436
      0.16   0.729607   0.386728    0.50551
      0.17   0.724424   0.393342    0.50985
      0.18   0.722696   0.398774   0.513955
      0.19   0.716797   0.407791    0.51984
       0.2   0.714056   0.413215   0.523492
      0.21   0.704522   0.420526   0.526679
      0.22   0.694989   0.427387   0.529287
      0.23   0.690818   0.432161   0.531701
      0.24    0.68188   0.438414   0.533692
      0.25   0.675624   0.444117   0.535939
      0.26   0.658643   0.452793   0.536655
      0.27   0.649765   0.458808    0.53784
      0.28    0.63606    0.46734   0.538801
      0.29   0.622952   0.474438   0.538645
       0.3   0.612584    0.48259   0.539872
      0.31   0.604183   0.491924   0.542305
      0.32   0.592206   0.498491   0.541323
      0.33   0.576655   0.506701   0.539419
      0.34   0.563546   0.513004   0.537089
      0.35   0.550736   0.520702   0.535298
      0.36   0.541679   0.526102   0.533777
      0.37   0.522314   0.534716   0.528442
      0.38   0.505273   0.538825    0.52151
      0.39   0.492165   0.548748   0.518918
       0.4   0.479414   0.555492   0.514657
      0.41   0.450039   0.559631   0.498887
      0.42   0.430018   0.564968   0.488342
      0.43   0.419174   0.571495   0.483624
      0.44   0.402967      0.576   0.474192
      0.45   0.395579    0.58062   0.470562
      0.46    0.37389   0.588269   0.457197
      0.47   0.363642   0.596997   0.451976
      0.48   0.345171   0.603195   0.439082
      0.49   0.331943   0.609402   0.429782
       0.5   0.317822   0.616075   0.419322
      0.51   0.291545    0.62352   0.397314
      0.52   0.277364   0.626241   0.384453
      0.53   0.257582   0.634008   0.366332
      0.54   0.248347   0.643461   0.358376
      0.55   0.237979   0.658432   0.349601
      0.56   0.229339    0.66837   0.341499
      0.57    0.22201    0.68252   0.335039
      0.58   0.214264   0.696405   0.327704
      0.59   0.206578   0.713553   0.320399
       0.6   0.198534   0.721057   0.311344
      0.61   0.178991   0.739949   0.288254
      0.62   0.168802    0.76465   0.276553
      0.63   0.164393   0.772317   0.271083
      0.64   0.156349   0.787912   0.260922
      0.65   0.149437   0.797674   0.251717
      0.66    0.13895   0.822785    0.23775
      0.67   0.135494   0.834003   0.233116
      0.68   0.130013   0.845827   0.225382
      0.69   0.123339   0.849254   0.215396
       0.7   0.117977   0.859621   0.207478
      0.71   0.115295   0.876254   0.203778
      0.72   0.112614   0.878683   0.199641
      0.73   0.106536   0.886654   0.190217
      0.74   0.105643    0.89434   0.188964
      0.75   0.101531   0.906561   0.182611
      0.76  0.0934279   0.915966   0.169561
      0.77  0.0869332   0.926339    0.15895
      0.78  0.0844307   0.935632   0.154885
      0.79  0.0824048   0.945238   0.151594
       0.8   0.080796   0.953659   0.148971
      0.81  0.0797235   0.960199   0.147223
      0.82  0.0790681   0.971939   0.146239
      0.83  0.0790085   0.981865   0.146249
      0.84  0.0773997   0.984043   0.143512
      0.85  0.0764464    0.98374   0.141868
      0.86  0.0752547    0.99435    0.13992
      0.87  0.0747185   0.994286   0.138992
      0.88  0.0739439   0.997085   0.137678
      0.89  0.0732289   0.997059   0.136437
       0.9   0.071918          1   0.134186
      0.91  0.0695942          1   0.130132
      0.92  0.0675684          1   0.126584
      0.93  0.0653042          1   0.122602
      0.94  0.0620866          1   0.116914
      0.95   0.059882          1   0.112998
      0.96  0.0598224          1   0.112891
      0.97  0.0595841          1   0.112467
      0.98  0.0582733          1   0.110129
      0.99  0.0566049          1   0.107145
