         0          1   0.176767   0.300428
      0.01   0.973986   0.244346   0.390681
      0.02   0.973986    0.24478   0.391236
      0.03   0.973986   0.245622    0.39231
      0.04   0.973986   0.247319   0.394472
      0.05   0.973986   0.249191   0.396849
      0.06   0.973986   0.252893    0.40153
      0.07   0.973897   0.255576   0.404896
      0.08   0.973897   0.260852   0.411489
      0.09   0.973227   0.265014   0.416589
       0.1   0.971978   0.272629   0.425821
      0.11   0.971978   0.281136   0.436127
      0.12   0.971487   0.287616   0.443832
      0.13   0.971353   0.295994   0.453727
      0.14   0.970238   0.301693   0.460267
      0.15   0.970193   0.310723   0.470697
      0.16   0.970059   0.315879   0.476572
      0.17   0.969122   0.324241   0.485911
      0.18   0.968855    0.32929   0.491523
      0.19   0.968319   0.338536   0.501679
       0.2   0.963589   0.344012   0.507014
      0.21   0.946098   0.352327   0.513447
      0.22   0.928116   0.360291   0.519078
      0.23    0.92236    0.36769   0.525781
      0.24   0.904913   0.374054   0.529312
      0.25   0.900317   0.378909   0.533351
      0.26   0.881933   0.388534   0.539425
      0.27   0.877828   0.396016   0.545803
      0.28   0.876534   0.406007   0.554959
      0.29   0.870465   0.413326   0.560506
       0.3   0.868056    0.42377   0.569513
      0.31   0.867119   0.435294   0.579619
      0.32   0.866003   0.443497    0.58659
      0.33   0.863906   0.456236   0.597125
      0.34   0.862701   0.465211   0.604465
      0.35   0.861318   0.476838   0.613843
      0.36   0.857213   0.482361   0.617339
      0.37    0.84811    0.48901    0.62034
      0.38   0.844362   0.497716   0.626271
      0.39   0.835527   0.510646   0.633884
       0.4   0.834055   0.518804   0.639699
      0.41   0.825621   0.529653    0.64532
      0.42   0.821025   0.542706   0.653465
      0.43    0.81518   0.551782   0.658104
      0.44   0.803132   0.559879   0.659799
      0.45   0.795324   0.566969   0.662008
      0.46   0.782964    0.57761    0.66479
      0.47   0.780599   0.586707   0.669906
      0.48   0.778055   0.601841   0.678697
      0.49   0.776092   0.611689   0.684153
       0.5   0.774307   0.625382   0.691922
      0.51   0.771452   0.639947   0.699573
      0.52   0.767123   0.648584   0.702891
      0.53   0.766008   0.661277     0.7098
      0.54   0.765338   0.667684   0.713184
      0.55   0.763732    0.67975   0.719298
      0.56   0.762393   0.686869   0.722663
      0.57   0.758556   0.697661   0.726835
      0.58   0.756057   0.703726   0.728954
      0.59   0.751818   0.714154   0.732502
       0.6   0.751327   0.721306   0.736011
      0.61    0.75048   0.730964   0.740594
      0.62   0.749141    0.73798   0.743519
      0.63   0.748382   0.742325   0.745342
      0.64    0.74691   0.747841   0.747375
      0.65   0.746018   0.754286   0.750129
      0.66   0.744857   0.761174   0.752927
      0.67    0.74392      0.767   0.755284
      0.68   0.740752   0.775424   0.757692
      0.69   0.739235   0.777501   0.757885
       0.7   0.736736    0.78543   0.760304
      0.71   0.734372   0.790826   0.761554
      0.72   0.733747   0.793933   0.762654
      0.73   0.733211   0.802483   0.766285
      0.74   0.732944   0.808058    0.76867
      0.75   0.732051   0.814929    0.77127
      0.76   0.731694   0.819666   0.773186
      0.77   0.731248   0.824223   0.774957
      0.78   0.730713   0.828231   0.776422
      0.79   0.727634   0.833333   0.776905
       0.8   0.725358    0.83808   0.777655
      0.81   0.723841   0.846026   0.780179
      0.82   0.721967   0.854018    0.78246
      0.83   0.721744   0.856537   0.783384
      0.84   0.720673   0.861399   0.784777
      0.85   0.719423   0.864171   0.785182
      0.86   0.718397    0.86899    0.78655
      0.87    0.71804   0.872654   0.787833
      0.88   0.717371    0.87744   0.789372
      0.89   0.715586   0.881543   0.789942
       0.9   0.712909   0.885621   0.789935
      0.91   0.708893   0.888626   0.788649
      0.92   0.706171   0.891918    0.78825
      0.93   0.704297   0.895017   0.788285
      0.94   0.703181   0.897274   0.788458
      0.95   0.700906   0.902572   0.789057
      0.96   0.700147    0.90519   0.789574
      0.97   0.698452   0.907622   0.789416
      0.98   0.696979   0.909974   0.789361
      0.99   0.694927   0.914805   0.789849
