         0          1   0.361785    0.53134
      0.01   0.965003   0.382176   0.547516
      0.02   0.965003    0.38236   0.547704
      0.03   0.965003   0.382899   0.548258
      0.04    0.96491   0.385436   0.550838
      0.05   0.963787   0.388344   0.553616
      0.06   0.962789    0.39372   0.558889
      0.07   0.962414   0.398331   0.563456
      0.08   0.961697   0.406848   0.571796
      0.09   0.961167   0.412557   0.577315
       0.1    0.95995   0.422545   0.586797
      0.11   0.958546   0.433863    0.59735
      0.12   0.956145   0.441198   0.603788
      0.13   0.951716   0.455102   0.615756
      0.14   0.947442   0.462811   0.621856
      0.15   0.939239   0.477848   0.633431
      0.16   0.932876   0.486547   0.639538
      0.17   0.922988   0.497706   0.646693
      0.18   0.912976   0.508553   0.653236
      0.19   0.899439   0.523745   0.662003
       0.2   0.890986   0.533333   0.667256
      0.21   0.872645   0.545642   0.671446
      0.22   0.846039   0.559046   0.673232
      0.23    0.82592   0.567855   0.672997
      0.24   0.801497   0.581897   0.674268
      0.25   0.783656    0.59169   0.674276
      0.26   0.759108   0.608483   0.675501
      0.27   0.743419   0.621793   0.677188
      0.28   0.723986   0.643211   0.681213
      0.29    0.71151   0.655589   0.682405
       0.3   0.680755   0.670661    0.67567
      0.31    0.65602   0.684284   0.669854
      0.32   0.648097   0.694617   0.670551
      0.33   0.626575   0.710703   0.665993
      0.34   0.615876   0.722015   0.664736
      0.35   0.598222   0.743807   0.663118
      0.36   0.583437   0.755135   0.658275
      0.37   0.566251   0.769711   0.652488
      0.38   0.555958   0.778824   0.648785
      0.39   0.538272   0.789195   0.640018
       0.4   0.525359   0.798486   0.633747
      0.41    0.50786   0.809627   0.624184
      0.42   0.492296   0.822597    0.61596
      0.43   0.478447   0.826712   0.606114
      0.44   0.462726   0.836594   0.595872
      0.45   0.454835   0.844511   0.591241
      0.46   0.440487   0.856173   0.581699
      0.47   0.431472   0.862211   0.575133
      0.48   0.421772   0.875433   0.569275
      0.49   0.413506   0.881879   0.563018
       0.5   0.406332   0.887959   0.557535
      0.51   0.395758   0.899754   0.549721
      0.52   0.386494   0.903522   0.541398
      0.53   0.369931   0.911923   0.526345
      0.54   0.362882   0.914964   0.519662
      0.55   0.353337   0.917289   0.510162
      0.56   0.347349   0.922986   0.504746
      0.57    0.34292   0.932391   0.501423
      0.58   0.336276   0.935402   0.494706
      0.59   0.326606   0.937541   0.484448
       0.6   0.321896   0.940701   0.479659
      0.61   0.315876   0.947405   0.473787
      0.62    0.30471   0.951895   0.461644
      0.63   0.296507   0.951201   0.452089
      0.64   0.289956   0.955004   0.444849
      0.65   0.285745   0.959298    0.44033
      0.66   0.281847   0.962233   0.435988
      0.67   0.278852   0.963956   0.432571
      0.68   0.269495   0.966928   0.421509
      0.69   0.264067    0.97043   0.415163
       0.7   0.253431   0.972248   0.402059
      0.71   0.246631   0.974456   0.393635
      0.72   0.243606   0.975962   0.389892
      0.73   0.237367   0.982161   0.382333
      0.74   0.231722    0.98288   0.375028
      0.75   0.224641   0.988648   0.366098
      0.76   0.221522   0.989507   0.362002
      0.77   0.218153   0.993541   0.357754
      0.78   0.216344   0.995628   0.355451
      0.79   0.213225   0.998876   0.351432
       0.8   0.213194          1   0.351459
      0.81   0.207049          1   0.343067
      0.82   0.203868          1   0.338688
      0.83   0.203369          1   0.337999
      0.84   0.202246          1   0.336447
      0.85   0.198877          1   0.331772
      0.86   0.194697          1   0.325936
      0.87   0.193855          1   0.324755
      0.88   0.191547          1    0.32151
      0.89    0.18927          1   0.318296
       0.9   0.186057          1   0.313741
      0.91   0.185028          1   0.312276
      0.92   0.183968          1   0.310765
      0.93   0.182439          1   0.308581
      0.94   0.180006          1   0.305094
      0.95   0.178977          1   0.303614
      0.96   0.178104          1   0.302356
      0.97   0.176201          1    0.29961
      0.98   0.173799          1   0.296131
      0.99   0.172551          1   0.294318
