         0          1   0.298178   0.459379
      0.01    0.93572   0.299687   0.453977
      0.02    0.93572   0.300309    0.45469
      0.03    0.93572   0.301679   0.456259
      0.04    0.93572   0.304908   0.459942
      0.05    0.93572   0.307855   0.463287
      0.06   0.935614   0.313575   0.469721
      0.07   0.935349   0.319139   0.475901
      0.08   0.934765    0.32933   0.487062
      0.09   0.934235   0.336941   0.495261
       0.1   0.932326   0.350263   0.509219
      0.11   0.928984   0.364575   0.523647
      0.12   0.926863   0.376582   0.535565
      0.13   0.919385   0.393329   0.550951
      0.14    0.91371   0.405112   0.561341
      0.15   0.907823   0.422405   0.576546
      0.16   0.903156   0.434692   0.586905
      0.17   0.888571   0.453304   0.600344
      0.18   0.877804   0.465599   0.608462
      0.19   0.860833   0.482888   0.618709
       0.2   0.841315   0.493772   0.622308
      0.21   0.821374   0.510195   0.629424
      0.22   0.805569   0.528855   0.638521
      0.23   0.791143   0.539984   0.641869
      0.24   0.770194   0.553603    0.64418
      0.25   0.757465   0.563979   0.646557
      0.26   0.729833   0.576274   0.644026
      0.27   0.713233   0.581005   0.640364
      0.28   0.692389   0.592843   0.638761
      0.29   0.675418   0.601666   0.636412
       0.3   0.651021   0.611337   0.630555
      0.31   0.626942   0.621115   0.624015
      0.32   0.611721   0.628614   0.620052
      0.33   0.597507   0.644161   0.619958
      0.34   0.589764   0.653518   0.620006
      0.35   0.574065   0.662648   0.615184
      0.36   0.565367   0.670994   0.613668
      0.37   0.544577   0.681981   0.605583
      0.38   0.530204   0.687968    0.59887
      0.39   0.509785   0.697316   0.588984
       0.4   0.498488   0.703479   0.583504
      0.41   0.481252   0.714369   0.575084
      0.42   0.462636   0.722205   0.563988
      0.43   0.454097   0.731416   0.560321
      0.44   0.436648   0.745687   0.550779
      0.45   0.429329   0.759366   0.548531
      0.46     0.4131   0.772956   0.538437
      0.47   0.400796    0.78026   0.529568
      0.48   0.385839   0.787317   0.517881
      0.49   0.378096   0.795854   0.512644
       0.5    0.35598   0.807729   0.494171
      0.51   0.346274   0.819271   0.486798
      0.52   0.339645   0.824069    0.48103
      0.53   0.330575    0.82924   0.472707
      0.54   0.324264   0.834622   0.467066
      0.55   0.315036   0.839599    0.45816
      0.56   0.310687   0.843564    0.45412
      0.57   0.299125   0.842553   0.441506
      0.58   0.292654    0.84484   0.434721
      0.59   0.283532   0.850438   0.425278
       0.6   0.277168   0.852596   0.418339
      0.61    0.27075   0.862589   0.412138
      0.62   0.265712   0.871843   0.407293
      0.63   0.262636   0.878405   0.404369
      0.64   0.254256   0.878307   0.394353
      0.65   0.248316   0.883333   0.387657
      0.66    0.24052   0.890476   0.378741
      0.67   0.235057   0.894737   0.372305
      0.68   0.229011   0.899604   0.365083
      0.69   0.225882    0.90522   0.361546
       0.7   0.216388   0.906021   0.349342
      0.71   0.211509   0.909657   0.343215
      0.72   0.205834   0.906452   0.335487
      0.73   0.200212   0.915398   0.328562
      0.74   0.193317   0.917384   0.319341
      0.75   0.190878   0.922807   0.316325
      0.76   0.185097   0.927667   0.308616
      0.77   0.183506   0.933579   0.306722
      0.78   0.182074    0.93985   0.305051
      0.79   0.175975   0.944231   0.296661
       0.8   0.174012   0.947471   0.294024
      0.81   0.171891   0.952191   0.291212
      0.82   0.170141   0.959432   0.289027
      0.83   0.168496   0.958932   0.286629
      0.84   0.165261   0.958763   0.281927
      0.85   0.163882   0.964435   0.280158
      0.86   0.160435   0.971922   0.275408
      0.87   0.157995   0.977925   0.272039
      0.88    0.15773   0.990971   0.272144
      0.89   0.157147          1   0.271611
       0.9   0.156192          1   0.270183
      0.91   0.153328          1   0.265888
      0.92   0.149881          1   0.260689
      0.93   0.147335          1    0.25683
      0.94   0.146433          1   0.255459
      0.95   0.145532          1   0.254086
      0.96   0.143888          1   0.251576
      0.97   0.137841          1   0.242286
      0.98    0.13519          1    0.23818
      0.99   0.133652          1   0.235789
