         0          1    0.48887   0.656699
      0.01   0.930248   0.562998   0.701462
      0.02   0.930248   0.564793   0.702854
      0.03   0.930248   0.567098   0.704635
      0.04   0.929661   0.570814   0.707327
      0.05   0.929612   0.574255   0.709949
      0.06   0.928708   0.582435   0.715898
      0.07   0.928219   0.587366   0.719464
      0.08   0.925383   0.596727   0.725573
      0.09   0.923304     0.6037   0.730055
       0.1   0.917119   0.614837   0.736155
      0.11   0.911765   0.626839    0.74292
      0.12   0.907853   0.636607   0.748411
      0.13    0.89954   0.652792   0.756555
      0.14   0.893575   0.663676   0.761655
      0.15   0.884749   0.679916   0.768925
      0.16   0.880055   0.692797   0.775279
      0.17   0.871669   0.711447    0.78345
      0.18   0.866755   0.724237   0.789113
      0.19   0.858491   0.743992   0.797151
       0.2    0.85079   0.754833   0.799944
      0.21   0.842428   0.771407   0.805355
      0.22   0.835534   0.787864   0.810999
      0.23   0.830791   0.797971    0.81405
      0.24   0.821133    0.81308   0.817087
      0.25   0.816366   0.820953   0.818653
      0.26   0.802015   0.833115   0.817269
      0.27   0.794167   0.841381   0.817092
      0.28   0.783067   0.850949   0.815598
      0.29   0.772016   0.855154   0.811461
       0.3   0.755415   0.862698     0.8055
      0.31    0.73901   0.870968   0.799581
      0.32   0.729964   0.876353   0.796488
      0.33   0.710088    0.88269   0.787037
      0.34    0.69955   0.886842    0.78214
      0.35   0.685077   0.894682   0.775974
      0.36    0.67696   0.899767   0.772621
      0.37   0.656374   0.906456   0.761406
      0.38   0.644785   0.910864   0.755069
      0.39   0.629994   0.916013   0.746546
       0.4   0.617451   0.919974   0.738949
      0.41   0.594396   0.926019   0.724042
      0.42     0.5743   0.934588    0.71143
      0.43   0.562246   0.938206   0.703125
      0.44   0.539582   0.945084   0.686957
      0.45   0.529094   0.948583   0.679295
      0.46   0.501883   0.952381   0.657355
      0.47   0.490245   0.955466   0.648003
      0.48   0.472886   0.957039   0.632999
      0.49   0.459953   0.957688   0.621443
       0.5    0.43504   0.959056   0.598564
      0.51   0.415872    0.96248   0.580793
      0.52   0.404063   0.963054   0.569278
      0.53    0.38228   0.964208   0.547494
      0.54   0.375189   0.964156   0.540176
      0.55   0.355851   0.962567   0.519608
      0.56   0.346633   0.962025   0.509636
      0.57   0.324214   0.962274   0.485015
      0.58   0.305829   0.961272   0.464027
      0.59   0.288299   0.961006   0.443538
       0.6   0.271796   0.960901   0.423736
      0.61   0.248814   0.962346   0.395398
      0.62    0.23016    0.96729   0.371842
      0.63   0.220429   0.967427   0.359049
      0.64   0.209843   0.967938   0.344911
      0.65   0.201359   0.967391   0.333336
      0.66     0.1907   0.965686   0.318503
      0.67   0.185199    0.96388     0.3107
      0.68   0.173732   0.965051   0.294456
      0.69   0.164637   0.963139   0.281206
       0.7   0.152535   0.962581    0.26334
      0.71     0.1386    0.95961   0.242215
      0.72   0.130923   0.959004   0.230392
      0.73   0.124542     0.9613   0.220514
      0.74   0.120703   0.961353   0.214477
      0.75   0.111559       0.96    0.19989
      0.76    0.10733   0.958633   0.193046
      0.77  0.0992861   0.955426   0.179879
      0.78  0.0935651   0.954918   0.170431
      0.79  0.0886998   0.958425   0.162372
       0.8  0.0869151   0.961276   0.159416
      0.81  0.0846413   0.961631   0.155588
      0.82  0.0792382    0.96134   0.146409
      0.83  0.0737372   0.959128   0.136946
      0.84  0.0689942   0.956268   0.128703
      0.85  0.0661826   0.953704   0.123776
      0.86  0.0636888   0.954248   0.119408
      0.87  0.0614395   0.955172   0.115453
      0.88  0.0583101   0.955882   0.109915
      0.89  0.0558897   0.961977   0.105642
       0.9  0.0531514   0.959677   0.100724
      0.91  0.0508533   0.961702  0.0965985
      0.92  0.0473326   0.964602  0.0902374
      0.93  0.0449611   0.976303  0.0859634
      0.94  0.0437631   0.975369  0.0837678
      0.95  0.0417828   0.984615  0.0801638
      0.96  0.0405604   0.994595  0.0779422
      0.97  0.0374309          1  0.0721608
      0.98  0.0354506          1  0.0684737
      0.99  0.0343748          1   0.066465
