         0          1   0.242084   0.389803
      0.01   0.993844    0.25232   0.402462
      0.02   0.993844   0.252762   0.403024
      0.03   0.993844   0.254008   0.404607
      0.04   0.993844   0.257807   0.409411
      0.05   0.993784    0.26102   0.413447
      0.06   0.993784   0.269235   0.423686
      0.07   0.993067   0.276567   0.432644
      0.08   0.992648   0.289269   0.447989
      0.09    0.99223   0.298422   0.458843
       0.1   0.991692   0.314464    0.47751
      0.11   0.989301   0.332382   0.497587
      0.12   0.986014   0.345271   0.511449
      0.13    0.98177   0.365778   0.532983
      0.14   0.980336   0.380716   0.548443
      0.15   0.974718   0.404369   0.571604
      0.16   0.965812   0.418541   0.584001
      0.17    0.95601   0.442154   0.604655
      0.18   0.941426   0.457753   0.615991
      0.19   0.932999   0.481937   0.635572
       0.2   0.926902   0.497739    0.64768
      0.21   0.916682   0.521267   0.664608
      0.22   0.903951   0.543772   0.679057
      0.23   0.894208   0.557502   0.686807
      0.24   0.878788   0.578713    0.69786
      0.25   0.874186   0.592674   0.706417
      0.26   0.857869   0.611686   0.714157
      0.27   0.849262   0.623799   0.719276
      0.28   0.829897   0.638853    0.72195
      0.29   0.815134   0.650855    0.72379
       0.3   0.785309   0.664873    0.72009
      0.31   0.754348   0.682611   0.716689
      0.32   0.735222   0.691514   0.712699
      0.33   0.705098    0.70765   0.706372
      0.34   0.698105   0.717334   0.707589
      0.35   0.675034   0.730101   0.701489
      0.36   0.656506   0.735018   0.693547
      0.37   0.635885   0.748127   0.687455
      0.38   0.616102   0.753537   0.677924
      0.39   0.598888   0.765471    0.67201
       0.4   0.579822   0.772524   0.662444
      0.41   0.552567   0.785629   0.648803
      0.42   0.532006   0.798044   0.638419
      0.43   0.517722   0.804781   0.630097
      0.44   0.496862   0.815552   0.617514
      0.45   0.482219   0.823442   0.608242
      0.46   0.462375   0.826451    0.59299
      0.47   0.450003   0.828261   0.583166
      0.48   0.434702   0.841343    0.57323
      0.49   0.419999   0.847407   0.561635
       0.5   0.402008    0.84591   0.545008
      0.51   0.395015   0.852921   0.539958
      0.52   0.378041   0.850871   0.523494
      0.53    0.35491   0.854732   0.501558
      0.54   0.348993   0.856818   0.495971
      0.55   0.329628   0.861355   0.476793
      0.56   0.318152   0.865512   0.465274
      0.57   0.305839   0.870996   0.452714
      0.58   0.296515    0.87746   0.443247
      0.59   0.283426   0.878987   0.428639
       0.6   0.276313   0.880998   0.420685
      0.61   0.262268   0.881526   0.404261
      0.62   0.249716   0.882536   0.389283
      0.63   0.246489   0.887354   0.385808
      0.64   0.236388   0.888398   0.373416
      0.65   0.228259    0.88964   0.363303
      0.66   0.221505   0.895349   0.355148
      0.67   0.218935   0.899646   0.352167
      0.68   0.211882   0.901741   0.343137
      0.69   0.208953   0.904701   0.339496
       0.7   0.201482   0.908245   0.329802
      0.71   0.190246   0.912742   0.314863
      0.72   0.187496   0.921541   0.311595
      0.73   0.180862   0.928783   0.302766
      0.74   0.174467   0.933029   0.293965
      0.75   0.171478    0.94462   0.290264
      0.76    0.16574   0.954023   0.282417
      0.77   0.161198   0.963731   0.276198
      0.78    0.15809   0.964476   0.271652
      0.79   0.150738   0.972274    0.26101
       0.8   0.147511   0.977055   0.256323
      0.81   0.143984    0.98008   0.251082
      0.82   0.136931    0.97921   0.240265
      0.83   0.131971   0.978541   0.232575
      0.84   0.125575   0.981982   0.222675
      0.85    0.12187   0.981439   0.216816
      0.86   0.116371   0.984925   0.208148
      0.87   0.108541   0.984375   0.195523
      0.88   0.104178   0.988796   0.188496
      0.89   0.100054   0.988439   0.181714
       0.9  0.0882195   0.990683   0.162012
      0.91  0.0835575   0.993443    0.15415
      0.92  0.0796725   0.996633    0.14755
      0.93  0.0762058          1   0.141619
      0.94  0.0745921          1   0.138829
      0.95  0.0713048          1   0.133118
      0.96  0.0680175          1   0.127371
      0.97  0.0614428          1   0.115772
      0.98  0.0599486          1   0.113116
      0.99  0.0506844          1  0.0964788
