         0          1   0.319512   0.484288
      0.01   0.910963     0.3002   0.451584
      0.02   0.910963   0.300257   0.451648
      0.03   0.910963   0.300391     0.4518
      0.04   0.910963      0.301   0.452489
      0.05   0.910751   0.301512   0.453041
      0.06   0.910185   0.302506   0.454092
      0.07   0.909335   0.302955   0.454491
      0.08   0.906646   0.304486   0.455873
      0.09   0.905301   0.305452   0.456783
       0.1   0.903107   0.306749   0.457951
      0.11   0.898011   0.308544   0.459284
      0.12   0.893835     0.3094   0.459681
      0.13   0.880813   0.310169   0.458782
      0.14   0.874655   0.310881   0.458718
      0.15   0.867719   0.313183    0.46025
      0.16   0.859721    0.31355   0.459511
      0.17   0.840612   0.313752   0.456951
      0.18   0.824262   0.313315   0.454042
      0.19   0.796376   0.312005   0.448354
       0.2    0.77578   0.311789   0.444808
      0.21   0.748885   0.313398   0.441877
      0.22   0.719442   0.312451   0.435686
      0.23   0.694104   0.311268   0.429796
      0.24   0.662963   0.309052   0.421578
      0.25   0.640243   0.309501   0.417283
      0.26   0.608182   0.310934   0.411492
      0.27    0.58433   0.310387   0.405421
      0.28   0.559771   0.310577     0.3995
      0.29   0.532309   0.309282   0.391244
       0.3   0.499186   0.307183   0.380326
      0.31   0.459481   0.305255   0.366817
      0.32    0.44391   0.306151    0.36238
      0.33   0.410928   0.308026   0.352113
      0.34   0.394932   0.310338   0.347562
      0.35   0.359615   0.310402   0.333201
      0.36   0.343336   0.310569   0.326132
      0.37   0.307594   0.309732    0.30866
      0.38   0.292023   0.311961   0.301663
      0.39   0.259962   0.312007   0.283617
       0.4    0.24432   0.316303    0.27569
      0.41     0.2124   0.319985   0.255322
      0.42    0.19414   0.319951   0.241651
      0.43   0.185717   0.321619   0.235466
      0.44   0.173968   0.328815   0.227547
      0.45    0.16682   0.331348   0.221915
      0.46   0.157761   0.335947   0.214699
      0.47   0.151037   0.338139   0.208806
      0.48   0.135961   0.339538   0.194171
      0.49   0.125133    0.34111   0.183098
       0.5   0.117206   0.349365   0.175526
      0.51   0.108571    0.35124    0.16587
      0.52   0.100219   0.352129   0.156031
      0.53  0.0899568   0.352318    0.14332
      0.54  0.0880459   0.350852   0.140767
      0.55  0.0785618   0.360841   0.129031
      0.56  0.0716257   0.364583    0.11973
      0.57  0.0680161   0.376699   0.115227
      0.58  0.0651143   0.379531   0.111158
      0.59  0.0612216     0.3975   0.106102
       0.6  0.0540732   0.399457  0.0952524
      0.61  0.0492604   0.404984  0.0878367
      0.62  0.0365206   0.382671  0.0666778
      0.63  0.0332649   0.373016  0.0610826
      0.64  0.0273905   0.376744  0.0510681
      0.65  0.0260457   0.385417   0.048794
      0.66  0.0251256   0.411429  0.0473591
      0.67  0.0237101   0.418182  0.0448758
      0.68  0.0199589     0.4375  0.0381763
      0.69  0.0198174    0.44697  0.0379521
       0.7  0.0184726   0.468468  0.0355437
      0.71   0.014863   0.460784  0.0287972
      0.72  0.0142968   0.452632  0.0277182
      0.73  0.0108996   0.416667  0.0212434
      0.74  0.0105457   0.426667  0.0205826
      0.75 0.00651143   0.390625  0.0128093
      0.76 0.00552056   0.377049  0.0108818
      0.77 0.00552056   0.389831  0.0108869
      0.78 0.00530823    0.37931  0.0104699
      0.79 0.00495435       0.42 0.00979318
       0.8 0.00495435   0.428571 0.00979546
      0.81 0.00297261   0.404255 0.00590182
      0.82 0.00297261   0.452381 0.00590641
      0.83 0.00283106   0.461538 0.00562759
      0.84 0.00283106   0.459459 0.00562744
      0.85 0.00283106   0.393939 0.00562171
      0.86 0.00219407   0.173913 0.00433347
      0.87 0.00162786       0.15 0.00322076
      0.88 0.00141553   0.111111 0.00279544
      0.89 0.00141553   0.111111 0.00279544
       0.9 0.00141553   0.111111 0.00279544
      0.91          0          0          0
      0.92          0          0          0
      0.93          0          0          0
      0.94          0          0          0
      0.95          0          0          0
      0.96          0          0          0
      0.97          0          0          0
      0.98          0          0          0
      0.99          0          0          0
