         0          1   0.384732   0.555677
      0.01   0.866693   0.433359   0.577807
      0.02   0.866693   0.434316   0.578656
      0.03   0.866579    0.43548   0.579663
      0.04   0.865949    0.43931   0.582903
      0.05    0.86549   0.443337   0.586332
      0.06   0.864287   0.450869     0.5926
      0.07   0.862454   0.456959   0.597396
      0.08   0.858043   0.469469   0.606886
      0.09   0.854033   0.479272   0.613985
       0.1   0.845726   0.497525   0.626495
      0.11   0.836045   0.517634   0.639392
      0.12   0.825619   0.529015   0.644845
      0.13   0.806256   0.549008   0.653217
      0.14   0.793137   0.564093   0.659288
      0.15   0.773717   0.583583   0.665333
      0.16   0.756015   0.593827   0.665177
      0.17   0.735392   0.612791   0.668517
      0.18   0.721013   0.628025   0.671314
      0.19   0.691224   0.644545   0.667069
       0.2   0.675298   0.656022    0.66552
      0.21   0.653013   0.672334   0.662533
      0.22   0.627864   0.689215   0.657111
      0.23   0.607929   0.701272   0.651273
      0.24   0.583123   0.716807   0.643091
      0.25   0.568057   0.725827   0.637323
      0.26   0.546861   0.739466   0.628744
      0.27   0.533398    0.74916    0.62313
      0.28   0.508307   0.763921   0.610435
      0.29   0.489058   0.773294   0.599176
       0.3   0.466086   0.782304   0.584146
      0.31   0.442255   0.786576   0.566176
      0.32   0.430282   0.791745   0.557555
      0.33   0.402039   0.797288   0.534535
      0.34    0.38789   0.798588   0.522157
      0.35   0.364631   0.800979   0.501131
      0.36   0.347273   0.799484   0.484216
      0.37    0.32917   0.798113   0.466103
      0.38   0.316109   0.794987   0.452351
      0.39   0.295257   0.783014   0.428816
       0.4   0.281049   0.776874   0.412771
      0.41   0.271253   0.774375   0.401772
      0.42   0.253953   0.771273   0.382095
      0.43   0.243297   0.766082   0.369308
      0.44   0.224908   0.759084   0.347003
      0.45   0.216602   0.761742   0.337294
      0.46   0.202337   0.760524   0.319636
      0.47   0.192713   0.749251   0.306573
      0.48   0.180683   0.742077   0.290608
      0.49   0.169798   0.729093   0.275448
       0.5    0.16321   0.724399     0.2664
      0.51   0.149404   0.717663   0.247321
      0.52   0.140066    0.71345   0.234162
      0.53   0.130041   0.725552   0.220553
      0.54   0.124484    0.73399   0.212867
      0.55   0.121849   0.734589   0.209026
      0.56    0.11973   0.739437   0.206089
      0.57   0.116923   0.740038    0.20194
      0.58   0.114688   0.740157   0.198603
      0.59   0.111022   0.748945   0.193378
       0.6   0.109475    0.75885   0.191346
      0.61   0.107757   0.761574     0.1888
      0.62    0.10094   0.762376   0.178275
      0.63  0.0993928   0.770026    0.17606
      0.64  0.0961274   0.779944    0.17116
      0.65  0.0946379    0.77971   0.168789
      0.66  0.0921173   0.785489   0.164897
      0.67  0.0902841   0.796721   0.162189
      0.68  0.0873052    0.80339   0.157495
      0.69  0.0854148    0.81362   0.154599
       0.7  0.0819203   0.824427   0.149032
      0.71  0.0781393   0.831276   0.142851
      0.72   0.076077    0.85022   0.139658
      0.73  0.0718378   0.850467   0.132485
      0.74  0.0697181   0.863415   0.129018
      0.75  0.0663955   0.869347   0.123369
      0.76  0.0660518    0.88601   0.122939
      0.77  0.0635312   0.895604   0.118646
      0.78  0.0617553   0.896552   0.115551
      0.79  0.0611251   0.915663     0.1146
       0.8  0.0576306    0.93038   0.108538
      0.81   0.056714   0.958042   0.107089
      0.82   0.054709   0.984848    0.10366
      0.83  0.0540215          1   0.102506
      0.84  0.0528185          1   0.100337
      0.85  0.0524748          1   0.099717
      0.86  0.0504698          1  0.0960899
      0.87  0.0488084          1  0.0930741
      0.88  0.0462878          1  0.0884801
      0.89  0.0420486          1  0.0807037
       0.9  0.0382676          1  0.0737144
      0.91  0.0376948          1   0.072651
      0.92  0.0371219          1  0.0715864
      0.93   0.036549          1  0.0705206
      0.94  0.0355752          1  0.0687061
      0.95  0.0339711          1    0.06571
      0.96   0.029961          1   0.058179
      0.97   0.029961          1   0.058179
      0.98   0.029961          1   0.058179
      0.99  0.0297892          1  0.0578549
