         0          1   0.289124   0.448559
      0.01   0.970665   0.378914   0.545057
      0.02   0.970665   0.380464   0.546658
      0.03   0.970665   0.382956   0.549226
      0.04    0.97052   0.387961   0.554331
      0.05   0.969405   0.393203   0.559476
      0.06   0.967998   0.403226   0.569304
      0.07   0.966738   0.412595   0.578353
      0.08   0.965768   0.427673   0.592824
      0.09    0.96572   0.440386   0.604918
       0.1   0.964847   0.457914    0.62107
      0.11   0.963926   0.478389   0.639432
      0.12   0.962568   0.491054   0.650338
      0.13   0.960774   0.510976   0.667141
      0.14   0.958883   0.524005   0.677677
      0.15   0.953113   0.542121   0.691133
      0.16   0.951949   0.555587   0.701662
      0.17   0.946858   0.572011    0.71318
      0.18   0.943367   0.584413   0.721722
      0.19   0.938082   0.601468   0.732976
       0.2   0.934057   0.612795   0.740065
      0.21   0.929112   0.629773   0.750703
      0.22   0.922275   0.646922    0.76044
      0.23   0.917475   0.657107   0.765764
      0.24   0.908699   0.672923   0.773237
      0.25   0.903656   0.682272   0.777512
      0.26   0.896965   0.694055   0.782571
      0.27   0.891583   0.701843   0.785416
      0.28   0.884261     0.7112   0.788345
      0.29   0.876552   0.716898   0.788727
       0.3   0.867775   0.724585   0.789742
      0.31   0.854732   0.732655      0.789
      0.32   0.848381   0.738627   0.789709
      0.33   0.839168   0.749782   0.791961
      0.34   0.832089   0.755571   0.791986
      0.35   0.819143   0.764153   0.790693
      0.36   0.811627   0.768263    0.78935
      0.37   0.801881   0.774656   0.788034
      0.38   0.799118   0.779333   0.789102
      0.39   0.787141   0.787022   0.787082
       0.4   0.779674   0.790952   0.785273
      0.41    0.76731   0.795815   0.781302
      0.42   0.757806    0.80307   0.779782
      0.43   0.755237   0.807709   0.780592
      0.44   0.745248   0.814757   0.778454
      0.45   0.741127   0.817873   0.777611
      0.46   0.733466   0.823271   0.775778
      0.47    0.73012   0.826332   0.775252
      0.48   0.725805   0.829356   0.774133
      0.49   0.721974   0.832769   0.773424
       0.5   0.709562   0.838341   0.768594
      0.51   0.701998    0.84125   0.765341
      0.52    0.69584   0.845417    0.76337
      0.53   0.688421   0.847174   0.759592
      0.54   0.682554   0.852503   0.758121
      0.55   0.673584   0.855756    0.75382
      0.56   0.669608   0.858347   0.752321
      0.57   0.649874   0.862338    0.74118
      0.58   0.645268   0.865277    0.73925
      0.59   0.628588   0.866182   0.728502
       0.6   0.616806   0.867347   0.720929
      0.61   0.593144    0.86941   0.705185
      0.62   0.567931   0.870169    0.68729
      0.63   0.556972   0.872392    0.67988
      0.64    0.54136   0.873965   0.668581
      0.65   0.534765   0.875322   0.663919
      0.66    0.52628   0.877326   0.657904
      0.67   0.518134   0.877821   0.651639
      0.68   0.498497   0.881328   0.636805
      0.69   0.489963   0.884948    0.63072
       0.7   0.478617   0.891156   0.622764
      0.71   0.472314   0.897817   0.618994
      0.72   0.468144   0.902765    0.61656
      0.73   0.457283   0.903329   0.607193
      0.74    0.45001   0.905774   0.601286
      0.75   0.441185   0.905437   0.593285
      0.76   0.433912    0.90839   0.587291
      0.77   0.424069    0.91175   0.578888
      0.78   0.421063   0.913437   0.576417
      0.79   0.413887   0.918611   0.570659
       0.8   0.403559   0.920424   0.561103
      0.81   0.396722   0.923872   0.555084
      0.82   0.388819   0.927406    0.54792
      0.83   0.384019   0.928367   0.543301
      0.84   0.374952   0.930911   0.534584
      0.85   0.364769   0.932923   0.524472
      0.86   0.353035   0.931034   0.511947
      0.87   0.347508   0.931641     0.5062
      0.88   0.332962   0.934103   0.490931
      0.89   0.323701    0.93454   0.480848
       0.9   0.311676   0.934201    0.46741
      0.91   0.301348    0.93424   0.455704
      0.92   0.289372    0.93652   0.442131
      0.93    0.27308   0.938843   0.423095
      0.94   0.254946   0.941176   0.401211
      0.95   0.233272   0.944393   0.374131
      0.96   0.223574   0.948027    0.36182
      0.97   0.213926   0.952284   0.349368
      0.98   0.205004   0.952582   0.337397
      0.99   0.187452   0.960272   0.313672
