         0          1   0.108911   0.196429
      0.01   0.987393   0.192998   0.322885
      0.02   0.987393   0.192942   0.322805
      0.03   0.987393   0.192885   0.322726
      0.04   0.987393   0.192785   0.322586
      0.05   0.987393   0.192749   0.322536
      0.06   0.987393   0.192128   0.321665
      0.07   0.987124   0.192107   0.321623
      0.08    0.98699   0.190982   0.320037
      0.09   0.985917   0.190367   0.319116
       0.1   0.983503   0.189164     0.3173
      0.11   0.982296    0.18967   0.317947
      0.12    0.98015   0.190683   0.319256
      0.13   0.976931   0.191046   0.319594
      0.14   0.973578   0.190476   0.318617
      0.15   0.967811   0.189491   0.316929
      0.16   0.962312   0.188681   0.315501
      0.17    0.94823   0.188649   0.314691
      0.18   0.934013   0.187115   0.311772
      0.19   0.902226   0.186713   0.309397
       0.2   0.888814   0.186275   0.308001
      0.21   0.870842   0.186777   0.307584
      0.22   0.841068   0.186533   0.305346
      0.23    0.82618   0.187003   0.304976
      0.24   0.783798   0.187443   0.302536
      0.25    0.75912    0.18974   0.303597
      0.26   0.731223   0.193389   0.305881
      0.27    0.70118   0.195673   0.305963
      0.28   0.674759   0.197965   0.306119
      0.29   0.651824   0.202724   0.309264
       0.3   0.607162   0.205373   0.306927
      0.31   0.588922   0.211767   0.311517
      0.32   0.571754   0.212375    0.30971
      0.33    0.54493   0.215273   0.308625
      0.34   0.526958   0.220925   0.311327
      0.35   0.483101   0.224306   0.306365
      0.36   0.453997   0.226886   0.302565
      0.37   0.434818   0.232326   0.302842
      0.38   0.408396   0.235256   0.298539
      0.39   0.377682   0.242532   0.295382
       0.4   0.351529    0.24717   0.290254
      0.41   0.339458   0.255275   0.291409
      0.42   0.317999   0.260531   0.286411
      0.43   0.305392   0.267026   0.284923
      0.44    0.27897   0.275054   0.276998
      0.45    0.26529   0.285881   0.275201
      0.46   0.255097   0.295793   0.273942
      0.47   0.244769   0.296628   0.268215
      0.48   0.230284   0.302044   0.261327
      0.49   0.214592   0.302958   0.251231
       0.5   0.199973   0.309846    0.24307
      0.51   0.194206   0.318982   0.241425
      0.52   0.185354   0.313215   0.232889
      0.53   0.165102   0.314088   0.216434
      0.54   0.159067   0.318627   0.212198
      0.55   0.142972   0.316712   0.197009
      0.56   0.129828    0.31268   0.183476
      0.57   0.115612   0.309061   0.168276
      0.58  0.0991148   0.307958   0.149964
      0.59  0.0910676   0.312849   0.141071
       0.6  0.0899946   0.318812   0.140366
      0.61  0.0842275   0.325167   0.133798
      0.62  0.0815451   0.329356   0.130724
      0.63  0.0788627   0.330749   0.127358
      0.64  0.0767167   0.338843   0.125108
      0.65  0.0734979   0.337243   0.120692
      0.66  0.0659871   0.335423   0.110279
      0.67  0.0627682   0.342373   0.106087
      0.68  0.0474785   0.343066  0.0834131
      0.69  0.0472103   0.359375   0.083457
       0.7  0.0458691   0.378723  0.0818276
      0.71  0.0433208   0.382075  0.0778184
      0.72  0.0415773   0.404145  0.0753978
      0.73  0.0406384   0.417582  0.0740686
      0.74  0.0401019   0.428571  0.0733412
      0.75  0.0387607   0.435583  0.0711868
      0.76  0.0366148   0.442308   0.067631
      0.77  0.0347371   0.452055  0.0645166
      0.78  0.0347371   0.478261  0.0647699
      0.79  0.0333959        0.5    0.06261
       0.8  0.0316524   0.525424  0.0597078
      0.81  0.0248122   0.560748  0.0475217
      0.82  0.0240075   0.581633  0.0461117
      0.83  0.0240075   0.612903  0.0462052
      0.84  0.0225322   0.642857  0.0435384
      0.85  0.0225322   0.658537  0.0435735
      0.86  0.0223981   0.688312  0.0433844
      0.87  0.0223981   0.708333  0.0434231
      0.88  0.0223981   0.761194  0.0435157
      0.89  0.0218616   0.757576  0.0424968
       0.9  0.0218616   0.761905  0.0425036
      0.91  0.0206545   0.821429  0.0402958
      0.92  0.0206545   0.836364  0.0403134
      0.93  0.0202521   0.823529  0.0395321
      0.94  0.0202521   0.857143  0.0395694
      0.95  0.0202521    0.87234  0.0395853
      0.96  0.0197157   0.863636  0.0385513
      0.97  0.0186427   0.846154  0.0364816
      0.98  0.0186427   0.861111  0.0364953
      0.99  0.0185086   0.852941   0.036231
