         0          1   0.354609   0.523559
      0.01   0.953311   0.396456   0.560016
      0.02   0.953311   0.396641   0.560201
      0.03   0.953311   0.396965   0.560524
      0.04    0.95327   0.397732   0.561281
      0.05    0.95327   0.398824   0.562368
      0.06    0.95323   0.400284   0.563811
      0.07    0.95323   0.401631   0.565145
      0.08   0.952908   0.404309   0.567734
      0.09   0.952747   0.406023   0.569393
       0.1   0.952264   0.410018   0.573222
      0.11    0.95154   0.414608    0.57756
      0.12   0.951298   0.418505   0.581285
      0.13   0.950453   0.424625   0.587001
      0.14   0.950252   0.429443   0.591549
      0.15   0.949849   0.438091   0.599623
      0.16   0.948883   0.443738   0.604695
      0.17   0.945784    0.45273   0.612343
      0.18   0.942725   0.457516   0.616054
      0.19   0.940632   0.467969   0.624998
       0.2    0.93874   0.474311   0.630203
      0.21   0.935319   0.484177   0.638058
      0.22   0.931576   0.493506   0.645209
      0.23   0.929121   0.500984   0.650965
      0.24   0.924814   0.511864   0.658991
      0.25   0.921916   0.518305   0.663556
      0.26   0.918615   0.529812    0.67203
      0.27   0.917086   0.537168   0.677501
      0.28   0.912055   0.549617   0.685901
      0.29   0.908513   0.556211   0.689993
       0.3   0.901831   0.565036    0.69477
      0.31   0.895874   0.576357   0.701443
      0.32   0.890159   0.581037   0.703122
      0.33   0.880016   0.589754   0.706223
      0.34   0.874542   0.597379   0.709866
      0.35   0.865607   0.607158   0.713705
      0.36   0.859046   0.612636   0.715212
      0.37   0.846126    0.62045   0.715925
      0.38   0.835782   0.626828   0.716379
      0.39   0.824029   0.635189    0.71739
       0.4   0.819078   0.642582   0.720174
      0.41   0.811632   0.651253   0.722651
      0.42   0.802093   0.660814   0.724632
      0.43   0.797424   0.668045   0.727024
      0.44   0.787603   0.675522    0.72727
      0.45   0.781163   0.681431   0.727897
      0.46   0.769531   0.689395   0.727262
      0.47   0.763131   0.694866   0.727401
      0.48   0.752586   0.700899   0.725824
      0.49    0.74188   0.705484   0.723224
       0.5   0.730288   0.711635   0.720841
      0.51   0.718575    0.71559   0.717079
      0.52   0.712095    0.72143   0.716732
      0.53   0.698893   0.728086   0.713191
      0.54   0.688871    0.73266   0.710091
      0.55   0.673898   0.738339   0.704649
      0.56   0.665446   0.744643    0.70282
      0.57   0.652445   0.752673   0.698984
      0.58   0.641377   0.758244   0.694931
      0.59   0.631515   0.762763   0.690962
       0.6   0.621534   0.770225   0.687936
      0.61   0.611632   0.778626     0.6851
      0.62    0.60004   0.787371   0.681059
      0.63   0.595452   0.792808   0.680102
      0.64    0.58716   0.799748   0.677161
      0.65   0.578386   0.806009   0.673484
      0.66   0.570215   0.811815   0.669898
      0.67   0.560153   0.814419   0.663769
      0.68   0.545019   0.818826   0.654438
      0.69   0.539183   0.822664   0.651419
       0.7   0.527953   0.828904   0.645053
      0.71   0.516804   0.832409   0.637694
      0.72   0.510324   0.836535   0.633925
      0.73   0.502636   0.840481   0.629068
      0.74   0.496518   0.842525   0.624818
      0.75    0.48231   0.846048   0.614379
      0.76   0.473576   0.849364   0.608098
      0.77   0.463836   0.853016   0.600917
      0.78   0.455303   0.857143   0.594706
      0.79   0.443027   0.864255   0.585777
       0.8   0.435098   0.865523   0.579088
      0.81   0.424592   0.868934   0.570445
      0.82   0.415094   0.871215   0.562285
      0.83   0.407969   0.873362   0.556148
      0.84   0.399195   0.877783   0.548806
      0.85   0.393198   0.882517   0.544015
      0.86   0.385389   0.884819    0.53692
      0.87   0.375206    0.88523    0.52703
      0.88   0.361562   0.885237   0.513423
      0.89    0.35327   0.888709   0.505571
       0.9   0.340028   0.888514   0.491835
      0.91      0.329   0.889745   0.480373
      0.92   0.316683   0.891463   0.467347
      0.93   0.303924   0.891388   0.453295
      0.94   0.298611   0.891463   0.447369
      0.95   0.285772   0.891061   0.432755
      0.96   0.274502   0.894238   0.420059
      0.97   0.261542   0.906905   0.405998
      0.98   0.255222    0.90799   0.398447
      0.99   0.246569   0.911489   0.388141
