         0          1   0.308236   0.471224
      0.01   0.894165   0.442603   0.592115
      0.02   0.894165   0.443181   0.592632
      0.03   0.893863   0.444134   0.593417
      0.04   0.893863   0.447255   0.596196
      0.05   0.893863   0.449991   0.598622
      0.06   0.893813   0.453619   0.601812
      0.07   0.893511   0.455519   0.603413
      0.08   0.892958   0.458446   0.605849
      0.09   0.892254   0.460253   0.607261
       0.1   0.891298   0.463627   0.609967
      0.11   0.890241   0.467098   0.612713
      0.12   0.889085   0.469906   0.614848
      0.13   0.887978    0.47242   0.616729
      0.14   0.886469   0.474483   0.618118
      0.15   0.882847   0.475017   0.617687
      0.16   0.880483   0.476585   0.618429
      0.17   0.874899   0.480009   0.619908
      0.18   0.871881   0.481637   0.620502
      0.19   0.867555    0.48531   0.622432
       0.2   0.863028   0.487201    0.62281
      0.21   0.853773    0.49189   0.624172
      0.22   0.842002   0.494228   0.622858
      0.23   0.838581   0.497747   0.624699
      0.24   0.831237   0.500309   0.624651
      0.25   0.825101   0.501584   0.623897
      0.26    0.80996    0.50507   0.622171
      0.27   0.802565   0.508091   0.622247
      0.28   0.793461   0.512634   0.622856
      0.29   0.785513   0.515117   0.622208
       0.3   0.778622   0.518373   0.622388
      0.31    0.76841   0.523647   0.622845
      0.32   0.759809   0.526095   0.621713
      0.33   0.746026   0.529328   0.619268
      0.34   0.737022   0.532475    0.61827
      0.35   0.719718   0.537039   0.615102
      0.36   0.698541   0.542391   0.610642
      0.37   0.682193   0.549366   0.608616
      0.38   0.674547   0.551553   0.606881
      0.39   0.665443   0.557241   0.606554
       0.4   0.658551   0.560061   0.605326
      0.41   0.649899   0.566019   0.605066
      0.42   0.642304   0.565232   0.601308
      0.43     0.6334   0.565822   0.597707
      0.44   0.615694   0.567031   0.590362
      0.45   0.603169   0.566538    0.58428
      0.46   0.588229   0.566156   0.576982
      0.47   0.578521   0.567416   0.572915
      0.48   0.561268   0.569996   0.565598
      0.49    0.55503   0.571589   0.563188
       0.5   0.537877   0.571837   0.554338
      0.51   0.518863   0.570783   0.543586
      0.52   0.507847   0.570724   0.537453
      0.53   0.485966   0.569665   0.524497
      0.54   0.470322   0.571266   0.515902
      0.55   0.455332   0.572885   0.507389
      0.56   0.450402   0.578718   0.506561
      0.57   0.435563   0.577888   0.496732
      0.58   0.426408   0.580768    0.49176
      0.59   0.411318    0.58247   0.482156
       0.6   0.400704   0.583624   0.475168
      0.61   0.382143   0.585093   0.462326
      0.62    0.36333   0.587062   0.448862
      0.63    0.35327   0.589244   0.441717
      0.64    0.33999   0.598308   0.433591
      0.65   0.332596   0.600937   0.428199
      0.66   0.318511   0.605248   0.417378
      0.67   0.311569   0.605153   0.411351
      0.68   0.294718   0.607446    0.39688
      0.69   0.282545   0.608183    0.38584
       0.7   0.262274   0.623565   0.369243
      0.71    0.25166   0.638935   0.361094
      0.72   0.240946   0.639157   0.349964
      0.73   0.227918   0.642185   0.336432
      0.74    0.22007   0.648622   0.328638
      0.75   0.202918   0.651261   0.309425
      0.76   0.197133   0.649945   0.302512
      0.77   0.190443   0.659746   0.295567
      0.78    0.18496   0.666265   0.289541
      0.79   0.172384   0.664942   0.273789
       0.8   0.169316   0.670667   0.270374
      0.81   0.160714   0.681948   0.260125
      0.82   0.157394   0.695915   0.256725
      0.83    0.15503   0.698113   0.253717
      0.84   0.147535   0.704202   0.243959
      0.85   0.145171   0.711033   0.241114
      0.86    0.13828   0.713462    0.23166
      0.87   0.134557   0.724138   0.226944
      0.88    0.13003   0.729032   0.220697
      0.89   0.124899   0.730159    0.21331
       0.9    0.11499   0.743655   0.199181
      0.91   0.102364   0.744444    0.17998
      0.92   0.101408   0.752907   0.178742
      0.93  0.0953722   0.748447   0.169186
      0.94  0.0903924   0.747604   0.161284
      0.95  0.0843058   0.760274   0.151781
      0.96  0.0808853   0.757042   0.146155
      0.97  0.0752515   0.749035   0.136763
      0.98   0.070171   0.757202   0.128439
      0.99   0.067505   0.767857     0.1241
