         0          1   0.363236   0.532903
      0.01   0.974253   0.346102   0.510758
      0.02   0.974253   0.348273   0.513118
      0.03   0.974253   0.350645   0.515688
      0.04   0.974124   0.356468   0.521939
      0.05   0.973952   0.361568    0.52736
      0.06    0.97266   0.370262   0.536351
      0.07   0.970981   0.376888   0.543007
      0.08   0.966804   0.388929   0.554708
      0.09   0.959356   0.397539   0.562138
       0.1    0.94321   0.410763   0.572295
      0.11    0.92306    0.42757   0.584428
      0.12    0.90614   0.436972   0.589612
      0.13   0.875097   0.455838   0.599432
      0.14   0.844743   0.466622   0.601168
      0.15    0.79058   0.482634   0.599366
      0.16   0.763153   0.492035   0.598314
      0.17   0.711143   0.508966   0.593304
      0.18   0.677043   0.520802   0.588733
      0.19   0.626367   0.536666   0.578057
       0.2   0.592396   0.547785   0.569218
      0.21   0.540257   0.570261   0.554854
      0.22   0.494231   0.596607   0.540615
      0.23    0.46857   0.612206   0.530843
      0.24   0.436321   0.640381   0.519014
      0.25   0.410747   0.659299   0.506156
      0.26    0.38388   0.690141   0.493345
      0.27   0.368337   0.711585   0.485411
      0.28   0.341428   0.740741   0.467412
      0.29   0.327435    0.76468   0.458528
       0.3   0.299664   0.789395   0.434418
      0.31   0.281107   0.819579   0.418629
      0.32   0.271032    0.83436   0.409155
      0.33   0.260958   0.865138   0.400968
      0.34   0.252777   0.880086   0.392749
      0.35   0.238913   0.900156   0.377605
      0.36   0.235211     0.9063    0.37349
      0.37   0.228968   0.918803   0.366582
      0.38   0.224231   0.930728   0.361395
      0.39   0.221088   0.937956   0.357831
       0.4   0.220141   0.942433   0.356912
      0.41   0.216395   0.945894   0.352214
      0.42    0.21209     0.9501   0.346771
      0.43   0.211444   0.954407   0.346191
      0.44   0.209377   0.961418   0.343867
      0.45   0.208344   0.964856    0.34269
      0.46   0.207139   0.972648   0.341541
      0.47   0.206234   0.978771   0.340684
      0.48   0.204383   0.985109    0.33853
      0.49   0.202833   0.987119   0.336518
       0.5   0.200852   0.990361   0.333973
      0.51   0.200164   0.993857   0.333217
      0.52   0.198915   0.993766    0.33148
      0.53   0.197021   0.997462   0.329047
      0.54   0.195341   0.997413   0.326699
      0.55   0.194696   0.997368   0.325793
      0.56    0.19448   0.998675   0.325561
      0.57   0.192629          1   0.323032
      0.58   0.192371          1   0.322669
      0.59    0.19138          1   0.321275
       0.6   0.187548          1   0.315858
      0.61   0.186214          1   0.313963
      0.62   0.184492          1   0.311512
      0.63   0.183243          1    0.30973
      0.64   0.182253          1   0.308314
      0.65    0.18109          1   0.306649
      0.66   0.179842          1   0.304857
      0.67   0.177172          1   0.301013
      0.68   0.174287          1   0.296839
      0.69   0.171876          1   0.293335
       0.7   0.168776          1   0.288809
      0.71   0.159347          1   0.274891
      0.72    0.15319          1   0.265681
      0.73   0.141221          1   0.247491
      0.74   0.132481          1   0.233966
      0.75   0.120038          1   0.214346
      0.76   0.110178          1   0.198487
      0.77   0.102945          1   0.186673
      0.78  0.0960992          1   0.175348
      0.79  0.0910617          1   0.166923
       0.8  0.0847757          1   0.156301
      0.81  0.0663481          1    0.12444
      0.82  0.0573495          1   0.108478
      0.83  0.0505899          1  0.0963075
      0.84  0.0458107          1  0.0876081
      0.85  0.0393524          1  0.0757249
      0.86  0.0316025          1  0.0612688
      0.87   0.028072          1  0.0546109
      0.88  0.0257901          1  0.0502833
      0.89  0.0229054          1  0.0447849
       0.9   0.017954          1  0.0352747
      0.91  0.0135193          1   0.026678
      0.92  0.0131749          1  0.0260071
      0.93  0.0122707          1   0.024244
      0.94  0.0119263          1  0.0235715
      0.95  0.0108499          1  0.0214669
      0.96  0.0105916          1  0.0209611
      0.97 0.00899854          1  0.0178366
      0.98 0.00456385          1 0.00908623
      0.99 0.00361664          1 0.00720721
