         0          1   0.164811   0.282983
      0.01   0.984091   0.178802    0.30262
      0.02   0.984091   0.179329   0.303375
      0.03   0.984091   0.180277    0.30473
      0.04    0.98371   0.183415   0.309182
      0.05    0.98371   0.186114   0.313009
      0.06   0.982566   0.191125   0.320004
      0.07   0.981614   0.195656   0.326278
      0.08   0.977327   0.203912   0.337423
      0.09   0.974755   0.212236   0.348576
       0.1   0.963704   0.225479   0.365453
      0.11   0.955892   0.238673   0.381973
      0.12   0.947509   0.247766   0.392814
      0.13   0.935315   0.263994   0.411766
      0.14   0.928646    0.27476   0.424054
      0.15   0.916071   0.292492   0.443409
      0.16   0.905878   0.304828   0.456159
      0.17   0.892064   0.323016   0.474291
      0.18   0.878441   0.336809   0.486923
      0.19   0.842812   0.355289   0.499861
       0.2    0.82214   0.370073   0.510398
      0.21   0.801086    0.38738   0.522227
      0.22   0.785177   0.414104   0.542233
      0.23   0.764218   0.429089   0.549595
      0.24    0.74164   0.447031   0.557827
      0.25   0.725541   0.461637   0.564257
      0.26   0.705535   0.488754    0.57747
      0.27    0.68772   0.506558   0.583399
      0.28   0.666857   0.532247   0.591996
      0.29   0.651519   0.545829   0.594009
       0.3   0.619891   0.565036   0.591194
      0.31   0.598552   0.583333   0.590845
      0.32   0.578642   0.595821   0.587105
      0.33   0.539678    0.60694   0.571336
      0.34   0.505668    0.62336    0.55838
      0.35   0.468896   0.635482   0.539625
      0.36   0.448985   0.636775    0.52664
      0.37   0.419453   0.646667   0.508848
      0.38   0.402305   0.651584   0.497463
      0.39    0.37506   0.661706   0.478757
       0.4   0.358293   0.669501   0.466781
      0.41   0.339621   0.688602   0.454889
      0.42   0.319615   0.713521   0.441475
      0.43   0.311613   0.733918   0.437478
      0.44   0.282652   0.741351   0.409265
      0.45   0.271601   0.750449   0.398851
      0.46   0.246547   0.761044   0.372439
      0.47    0.23683   0.761803   0.361329
      0.48   0.220158   0.758621   0.341275
      0.49   0.206059   0.749311    0.32323
       0.5    0.16862   0.707904   0.272363
      0.51   0.146518   0.680851   0.241143
      0.52   0.141945   0.672811   0.234432
      0.53   0.114128   0.645833   0.193977
      0.54   0.110317   0.646067   0.188455
      0.55   0.101743   0.638037   0.175501
      0.56  0.0975517   0.649007   0.169609
      0.57  0.0921216   0.647059   0.161282
      0.58  0.0885015   0.653226   0.155883
      0.59  0.0865962   0.678571   0.153592
       0.6  0.0831666   0.663462   0.147805
      0.61   0.079356   0.681319   0.142155
      0.62  0.0737354   0.654321   0.132535
      0.63  0.0546823   0.643836   0.100803
      0.64  0.0523959   0.637681  0.0968352
      0.65  0.0507764   0.634921  0.0940328
      0.66  0.0504906   0.703704  0.0942209
      0.67  0.0487758       0.75  0.0915949
      0.68  0.0468705   0.763158  0.0883169
      0.69  0.0431552   0.735294  0.0815256
       0.7   0.035534   0.766667  0.0679199
      0.71  0.0342955   0.869565  0.0659885
      0.72  0.0342955       0.95  0.0662011
      0.73  0.0324855          1  0.0629267
      0.74  0.0324855          1  0.0629267
      0.75  0.0315328          1  0.0611378
      0.76  0.0314376          1  0.0609587
      0.77  0.0284843          1  0.0553909
      0.78   0.024769          1  0.0483406
      0.79 0.00828808          1  0.0164399
       0.8          0          0          0
      0.81          0          0          0
      0.82          0          0          0
      0.83          0          0          0
      0.84          0          0          0
      0.85          0          0          0
      0.86          0          0          0
      0.87          0          0          0
      0.88          0          0          0
      0.89          0          0          0
       0.9          0          0          0
      0.91          0          0          0
      0.92          0          0          0
      0.93          0          0          0
      0.94          0          0          0
      0.95          0          0          0
      0.96          0          0          0
      0.97          0          0          0
      0.98          0          0          0
      0.99          0          0          0
