         0          1   0.317058   0.481463
      0.01   0.956434   0.377474    0.54131
      0.02   0.956434   0.377654   0.541495
      0.03   0.956434   0.378045   0.541897
      0.04   0.956434   0.379278   0.543163
      0.05   0.956434   0.380268   0.544177
      0.06   0.956386   0.381613   0.545545
      0.07   0.956288    0.38304   0.546985
      0.08   0.956288   0.386417    0.55042
      0.09   0.955798   0.388656   0.552606
       0.1   0.955749   0.393426   0.557402
      0.11   0.955651    0.39811    0.56207
      0.12   0.955064   0.401637   0.565473
      0.13   0.954672   0.407076   0.570773
      0.14   0.953449   0.411138   0.574532
      0.15   0.951491   0.416233   0.579125
      0.16   0.950316   0.419908   0.582453
      0.17    0.94777   0.425337   0.587167
      0.18   0.944442   0.428852    0.58986
      0.19   0.939449   0.434703   0.594375
       0.2   0.934064   0.439087   0.597364
      0.21   0.927652   0.444296   0.600828
      0.22   0.920456   0.450102    0.60457
      0.23   0.912184   0.453813   0.606094
      0.24   0.904645   0.459822   0.609727
      0.25   0.893876   0.463751   0.610677
      0.26   0.885897    0.47029   0.614412
      0.27   0.879632   0.473707   0.615792
      0.28    0.87224    0.47952   0.618833
      0.29   0.863478   0.483943   0.620258
       0.3    0.85222   0.490649   0.622758
      0.31   0.837633    0.49629   0.623288
      0.32   0.826374   0.499308   0.622495
      0.33   0.812032    0.50498   0.622713
      0.34   0.802046   0.509181   0.622908
      0.35   0.783543   0.513744   0.620588
      0.36   0.773117     0.5194   0.621357
      0.37   0.763033   0.525792   0.622578
      0.38   0.755201   0.531302   0.623768
      0.39   0.732684   0.538395    0.62069
       0.4   0.721132   0.544018   0.620177
      0.41   0.698125   0.549492   0.614955
      0.42   0.684958   0.554945   0.613135
      0.43   0.678252   0.558617   0.612649
      0.44   0.668706   0.564835   0.612397
      0.45   0.657839   0.567134   0.609128
      0.46   0.645063   0.573893     0.6074
      0.47   0.633805   0.577002   0.604071
      0.48   0.615547   0.581069   0.597811
      0.49    0.60791    0.58363   0.595523
       0.5   0.594449   0.589474   0.591951
      0.51    0.58603   0.595942   0.590944
      0.52   0.579764   0.601309    0.59034
      0.53   0.568652   0.609536   0.588385
      0.54   0.560967   0.614583   0.586553
      0.55   0.536933   0.617469   0.574392
      0.56   0.524646   0.621477   0.568971
      0.57   0.511968   0.629882   0.564837
      0.58   0.507122   0.636943   0.564667
      0.59   0.495325   0.641322   0.558947
       0.6   0.490234   0.645819   0.557373
      0.61    0.47971   0.647703   0.551191
      0.62   0.466494   0.651154   0.543569
      0.63   0.461843   0.654744   0.541631
      0.64   0.447746   0.657956   0.532869
      0.65   0.443145   0.659371   0.530055
      0.66   0.430369    0.66157   0.521493
      0.67   0.421558   0.665539   0.516169
      0.68   0.414264   0.671203   0.512324
      0.69   0.410544   0.674731   0.510482
       0.7   0.404474   0.677865   0.506641
      0.71   0.398208   0.679717   0.502204
      0.72   0.392628   0.680057   0.497834
      0.73    0.38509   0.685742    0.49321
      0.74   0.377943   0.687027   0.487633
      0.75   0.369866   0.689154   0.481379
      0.76   0.365559   0.692226   0.478451
      0.77   0.356405   0.695462   0.471288
      0.78   0.350678   0.695265   0.466209
      0.79   0.337461   0.691557   0.453585
       0.8   0.332371   0.693029   0.449274
      0.81   0.323902   0.688889   0.440629
      0.82   0.313868   0.689484   0.431367
      0.83   0.308532   0.692553   0.426886
      0.84   0.297078    0.69637   0.416481
      0.85   0.295364   0.702903   0.415946
      0.86    0.28254   0.704196   0.403276
      0.87   0.274854   0.703013   0.395199
      0.88    0.27133   0.707317   0.392207
      0.89   0.266484   0.706949   0.387064
       0.9   0.259827   0.709048   0.380296
      0.91   0.253267    0.71129   0.373532
      0.92   0.251016   0.715815    0.37169
      0.93   0.246953   0.721605   0.367975
      0.94   0.239561    0.72266   0.359837
      0.95   0.225953   0.727768   0.344842
      0.96   0.224387   0.730805   0.343351
      0.97   0.221401   0.735182   0.340315
      0.98   0.219443   0.734634    0.33794
      0.99   0.216506   0.740365   0.335037
