         0          1    0.28722   0.446264
      0.01   0.883608   0.379045   0.530514
      0.02   0.883608     0.3795   0.530959
      0.03   0.883608   0.379883   0.531334
      0.04   0.883608   0.381074   0.532498
      0.05   0.883608   0.382191   0.533588
      0.06   0.883302   0.384147   0.535434
      0.07   0.883302   0.385967     0.5372
      0.08   0.880596   0.388397   0.539043
      0.09   0.875338   0.389897   0.539491
       0.1   0.871561   0.394183    0.54285
      0.11   0.868753   0.399371   0.547193
      0.12   0.865945   0.403149   0.550164
      0.13   0.856603   0.408438   0.553135
      0.14   0.847414   0.411017   0.553549
      0.15   0.842054   0.413968    0.55506
      0.16    0.83603   0.417229   0.556655
      0.17    0.82337   0.420716   0.556883
      0.18   0.817551   0.422033   0.556692
      0.19   0.810404    0.42587   0.558334
       0.2   0.803002   0.428421    0.55874
      0.21   0.794987   0.432499    0.56022
      0.22   0.789474   0.436431   0.562117
      0.23   0.785645   0.438922   0.563198
      0.24    0.76885   0.441317    0.56076
      0.25   0.759865    0.44285   0.559577
      0.26   0.742406   0.444816   0.556314
      0.27   0.733269   0.446213    0.55481
      0.28   0.724641   0.448256   0.553885
      0.29   0.716984   0.450012    0.55296
       0.3   0.702792   0.451511   0.549801
      0.31   0.688243   0.451536    0.54531
      0.32   0.679463    0.45212   0.542954
      0.33   0.664301   0.453344   0.538913
      0.34   0.659043   0.454372   0.537896
      0.35    0.64817   0.455248   0.534844
      0.36   0.643678   0.456983   0.534497
      0.37   0.633264   0.459663   0.532676
      0.38   0.627036   0.460389   0.530943
      0.39   0.621675   0.462163   0.530181
       0.4   0.611568   0.462821   0.526897
      0.41   0.594875   0.462573   0.520447
      0.42   0.585839   0.463795   0.517722
      0.43   0.576395   0.463363   0.513735
      0.44   0.561182     0.4627   0.507205
      0.45   0.556128   0.461067   0.504156
      0.46    0.54454    0.46185   0.499798
      0.47   0.535351   0.459449   0.494504
      0.48   0.517586    0.45712   0.485477
      0.49   0.508908   0.456418   0.481236
       0.5   0.497116   0.453175    0.47413
      0.51   0.480576   0.445759   0.462513
      0.52   0.468375   0.442873   0.455267
      0.53   0.453214   0.434896   0.443866
      0.54   0.444893   0.430938   0.437804
      0.55   0.430395   0.427298   0.428841
      0.56   0.419776   0.424092   0.421923
      0.57   0.397315   0.419337   0.408029
      0.58   0.389198   0.416667   0.402464
      0.59   0.379397   0.414662   0.396246
       0.6   0.375568   0.414097   0.393892
      0.61   0.364541   0.412626   0.387096
      0.62   0.351881    0.41425   0.380527
      0.63   0.344683   0.412278   0.375463
      0.64   0.337281   0.409505     0.3699
      0.65   0.330287   0.405199   0.363928
      0.66   0.316045   0.403349   0.354399
      0.67   0.309715   0.402398   0.350025
      0.68   0.297054   0.398361   0.340329
      0.69   0.283629   0.393489   0.329646
       0.7   0.271734   0.390121    0.32034
      0.71   0.258921   0.390148   0.311269
      0.72   0.251876   0.392025   0.306698
      0.73   0.243198   0.393671   0.300658
      0.74   0.235847   0.392568   0.294665
      0.75   0.224718   0.398594   0.287404
      0.76   0.221655   0.403636   0.286164
      0.77    0.21119   0.404035   0.277388
      0.78   0.203175   0.405299   0.270666
      0.79   0.191893   0.409681   0.261365
       0.8    0.18735   0.409091   0.257002
      0.81   0.180765    0.41169   0.251223
      0.82   0.174333   0.415828    0.24567
      0.83   0.172648   0.426093   0.245729
      0.84   0.169279   0.432749   0.243361
      0.85    0.16693   0.438304   0.241778
      0.86    0.16009   0.445331   0.235515
      0.87   0.153556   0.451997   0.229234
      0.88   0.145337    0.47191   0.222232
      0.89    0.14406   0.489552   0.222613
       0.9   0.137577   0.508734   0.216584
      0.91   0.135586   0.534279   0.216285
      0.92   0.126959   0.542459   0.205761
      0.93   0.122773   0.563094   0.201592
      0.94    0.11874   0.576812   0.196939
      0.95    0.11583   0.601881   0.194273
      0.96   0.113686   0.614122   0.191856
      0.97   0.108326   0.652495   0.185805
      0.98  0.0979631   0.673913    0.17106
      0.99  0.0923988   0.714286   0.163631
