         0          1   0.273534   0.429567
      0.01    0.97807   0.363514   0.530033
      0.02    0.97807   0.363555   0.530077
      0.03    0.97807    0.36381   0.530349
      0.04    0.97807   0.364701   0.531294
      0.05    0.97807   0.365651   0.532302
      0.06    0.97807   0.367809   0.534584
      0.07   0.977974   0.368956    0.53578
      0.08   0.977974   0.371455   0.538411
      0.09   0.977683   0.373609   0.540625
       0.1   0.977102   0.377258   0.544345
      0.11   0.976086   0.381477   0.548563
      0.12   0.975359   0.384706   0.551777
      0.13   0.974052   0.389463    0.55644
      0.14   0.973229   0.392526   0.559423
      0.15   0.970954   0.397504   0.564078
      0.16   0.970228   0.401649   0.568114
      0.17   0.966791   0.407911   0.573746
      0.18   0.966016   0.412158   0.577795
      0.19   0.962676   0.416968   0.581896
       0.2   0.961805   0.420148   0.584825
      0.21   0.960594   0.425904    0.59015
      0.22   0.958513   0.432301   0.595861
      0.23   0.957496   0.437505   0.600586
      0.24    0.95464   0.442547   0.604748
      0.25   0.953091   0.448161   0.609653
      0.26   0.949605   0.454848   0.615081
      0.27   0.946507   0.459175   0.618365
      0.28   0.943845   0.464916   0.622971
      0.29   0.939827   0.469075   0.625805
       0.3    0.93852   0.472921   0.628926
      0.31   0.932856   0.478211    0.63229
      0.32    0.93029   0.481702   0.634738
      0.33   0.926853   0.485222   0.636977
      0.34   0.923803    0.48927   0.639725
      0.35   0.920463   0.495103   0.643875
      0.36   0.915719   0.498497   0.645564
      0.37   0.909232   0.502979   0.647672
      0.38   0.902406   0.506809   0.649081
      0.39   0.897952   0.512181   0.652299
       0.4   0.893257   0.515295   0.653566
      0.41   0.887447   0.519634   0.655467
      0.42   0.877136   0.523612   0.655763
      0.43   0.873796   0.526801   0.657314
      0.44    0.86605    0.53004   0.657609
      0.45   0.859515   0.533495   0.658354
      0.46   0.854141   0.539523    0.66132
      0.47   0.845912   0.542361    0.66095
      0.48   0.834197   0.544904   0.659208
      0.49   0.824999   0.546681   0.657604
       0.5   0.809798   0.549176   0.654497
      0.51    0.79605   0.551589   0.651647
      0.52   0.781769   0.552733   0.647596
      0.53   0.762115    0.55408   0.641657
      0.54   0.753062   0.555097     0.6391
      0.55   0.727695   0.554766   0.629572
      0.56   0.715932   0.554704   0.625089
      0.57   0.698165   0.553264   0.617326
      0.58   0.686499   0.552442   0.612218
      0.59   0.660406   0.550985   0.600754
       0.6   0.648013   0.549037   0.594433
      0.61    0.61645   0.544069   0.578002
      0.62   0.585032   0.540196   0.561721
      0.63   0.564554   0.536103   0.549961
      0.64   0.538123   0.533156   0.535628
      0.65   0.523551   0.531095   0.527296
      0.66   0.494941   0.529922   0.511835
      0.67   0.481338   0.528973   0.504032
      0.68   0.455584   0.530522   0.490206
      0.69   0.433461   0.528646   0.476345
       0.7   0.407174   0.531293   0.461026
      0.71   0.391877   0.536093   0.452779
      0.72   0.377886   0.539531   0.444468
      0.73   0.362734   0.547148   0.436253
      0.74   0.359491   0.552355   0.435527
      0.75   0.351309   0.560241   0.431831
      0.76   0.347098   0.566022   0.430316
      0.77    0.34124   0.576956   0.428842
      0.78   0.335673   0.583624    0.42621
      0.79     0.3303    0.59296   0.424267
       0.8   0.324733    0.60222   0.421943
      0.81   0.323474   0.611531    0.42313
      0.82   0.321295   0.623358   0.424033
      0.83    0.31902   0.630219   0.423608
      0.84   0.317955   0.643737   0.425665
      0.85   0.317858   0.651333   0.427226
      0.86   0.312098   0.664301   0.424677
      0.87   0.307838   0.673163   0.422476
      0.88    0.30503   0.681481   0.421429
      0.89   0.303142   0.689275   0.421089
       0.9   0.301689   0.700951   0.421825
      0.91   0.299075   0.718482   0.422345
      0.92   0.298204    0.72767   0.423042
      0.93   0.297042   0.750811   0.425675
      0.94   0.293315    0.76162   0.423523
      0.95   0.292298   0.777702   0.424899
      0.96   0.292153   0.787204    0.42615
      0.97   0.291088   0.802716   0.427245
      0.98     0.2907   0.815004   0.428545
      0.99   0.290071   0.832461   0.430229
