         0          1   0.279386    0.43675
      0.01   0.935928   0.348559   0.507947
      0.02   0.935908   0.349368   0.508804
      0.03   0.935821   0.350503   0.509993
      0.04   0.935499    0.35313    0.51272
      0.05   0.935065   0.355529   0.515178
      0.06   0.933853   0.359844   0.519505
      0.07   0.932555   0.363172   0.522762
      0.08   0.930003   0.368966   0.528326
      0.09   0.927581   0.373208   0.532263
       0.1   0.923306   0.380268   0.538679
      0.11   0.918418   0.388099   0.545629
      0.12   0.914457   0.393351   0.550085
      0.13   0.907569   0.401711   0.556917
      0.14   0.901955   0.407302   0.561186
      0.15   0.892781   0.415904   0.567457
      0.16   0.886581   0.421767   0.571607
      0.17   0.876311   0.430626   0.577476
      0.18    0.86875   0.436611   0.581151
      0.19   0.855898   0.445778   0.586229
       0.2   0.847284   0.451842   0.589378
      0.21   0.834769   0.461153   0.594104
      0.22   0.820999    0.47015   0.597906
      0.23   0.811271   0.476184   0.600121
      0.24   0.796712   0.484567   0.602617
      0.25   0.786817   0.490303   0.604138
      0.26   0.771964    0.49899   0.606163
      0.27    0.76185   0.504836   0.607269
      0.28   0.747388   0.513204   0.608543
      0.29   0.736882   0.519038   0.609067
       0.3    0.72092   0.526874   0.608809
      0.31   0.704761   0.535074   0.608305
      0.32   0.694628   0.540425     0.6079
      0.33    0.67878   0.548517   0.606736
      0.34   0.668291   0.554291   0.605976
      0.35   0.652953    0.56272   0.604487
      0.36   0.642953   0.568407   0.603386
      0.37   0.627872   0.576527   0.601105
      0.38   0.617391   0.581612   0.598967
      0.39   0.602323   0.589376   0.595779
       0.4   0.592782   0.594474   0.593627
      0.41   0.578097   0.601442   0.589539
      0.42   0.564318   0.608218   0.585446
      0.43   0.555536   0.612787   0.582759
      0.44   0.540629   0.619304   0.577298
      0.45   0.531625   0.623605   0.573953
      0.46   0.517105   0.629802   0.567916
      0.47   0.508352   0.633726   0.564157
      0.48   0.495013   0.639536    0.55807
      0.49   0.486193   0.643522   0.553902
       0.5   0.472967   0.648332   0.546936
      0.51   0.460725   0.653801   0.540539
      0.52   0.452822   0.657527   0.536304
      0.53   0.440008    0.66309   0.528992
      0.54   0.433046   0.666915   0.525118
      0.55   0.420796   0.671667   0.517427
      0.56   0.412975   0.675372   0.512542
      0.57   0.401701   0.680698   0.505243
      0.58   0.393529   0.684098   0.499639
      0.59   0.382858   0.689276    0.49228
       0.6    0.37614   0.692823   0.487572
      0.61   0.365123   0.697367   0.479298
      0.62   0.354946   0.701846    0.47146
      0.63   0.349007   0.705148   0.466917
      0.64   0.339777   0.709582   0.459518
      0.65   0.334049    0.71212   0.454769
      0.66   0.325598   0.716468   0.447727
      0.67   0.320248   0.719493   0.443219
      0.68   0.311808   0.723458   0.435791
      0.69   0.306278   0.726571   0.430911
       0.7   0.298196   0.731472   0.423674
      0.71   0.290126   0.735785   0.416157
      0.72   0.285349    0.73873   0.411679
      0.73   0.277843   0.742196   0.404326
      0.74   0.272723   0.744656   0.399232
      0.75   0.265614   0.748585   0.392102
      0.76   0.260342   0.751718   0.386743
      0.77   0.254087   0.756152   0.380362
      0.78   0.249988    0.75876   0.376072
      0.79   0.243245    0.76298   0.368886
       0.8   0.238708   0.765736   0.363958
      0.81   0.232548   0.770575   0.357276
      0.82   0.226728   0.776169   0.350941
      0.83   0.222446   0.779726   0.346142
      0.84   0.216545   0.784015   0.339359
      0.85   0.213092   0.787504   0.335422
      0.86   0.207693   0.791524   0.329045
      0.87   0.203803   0.794423   0.324386
      0.88   0.198173   0.798786   0.317562
      0.89   0.194297   0.802476   0.312847
       0.9   0.189209   0.807394   0.306574
      0.91   0.183956   0.812434   0.299987
      0.92   0.180162   0.815828   0.295147
      0.93   0.175223   0.821515   0.288838
      0.94   0.171459   0.825282   0.283929
      0.95   0.166657   0.831135   0.277642
      0.96    0.16355    0.83456   0.273502
      0.97   0.159224   0.840509   0.267729
      0.98   0.155932   0.843829   0.263224
      0.99   0.151511   0.849142   0.257141
