    119082        0.4   0.771536   0.768855   0.770193
     58060          0          1   0.374026   0.544424
     42049       0.48   0.920562   0.960677   0.940192
     24077       0.08   0.885715   0.534279   0.666508
     78004   0.337475   0.833876    0.75411    0.79199
     45096   0.124444   0.844036   0.721383   0.777904
     38092       0.39   0.825131    0.77088   0.797084
     43074   0.220909    0.68567   0.735471   0.709698
     16077   0.372929    0.70297   0.516758    0.59565
     86000       0.23   0.838581   0.497747   0.624699
    101085   0.451717    0.77394   0.826304   0.799265
     89072       0.23   0.785645   0.438922   0.563198
    126007       0.26   0.799585   0.660228   0.723255
     76053       0.18   0.721013   0.628025   0.671314
     86016       0.14   0.844743   0.466622   0.601168
    103070       0.24   0.710282   0.535023    0.61032
      8023       0.01   0.987393   0.192998   0.322885
     41033       0.33   0.705178   0.642728   0.672506
    109053       0.18   0.820366   0.374082   0.513851
    130026       0.75   0.381301   0.592676   0.464052
    108082       0.23   0.750925   0.195288   0.309965
     69040          0          1   0.319512   0.484288
     14037       0.28    0.59952   0.726502   0.656931
     54082       0.08   0.855399   0.616717   0.716708
     62096   0.892222   0.714991   0.882449   0.789943
     12084       0.21   0.917048   0.321167   0.475726
     69015       0.25   0.816366   0.820953   0.818653
     97033       0.46   0.854141   0.539523    0.66132
     19021       0.27   0.849502   0.698148   0.766424
     86068       0.29   0.651519   0.545829   0.594009
      3096   0.109495   0.786434   0.815584   0.800744
     41069       0.37   0.721185   0.647097   0.682135
     21077       0.29   0.862101   0.626811   0.725865
    108070          0          1   0.230724    0.37494
    123074       0.38   0.538752   0.365359   0.435429
     38082   0.207879   0.816042   0.509945   0.627663
     33039       0.64   0.653243   0.455618    0.53682
    108005       0.21   0.807207   0.406532   0.540735
    106024       0.39   0.586918   0.872396   0.701734
    102061   0.308182   0.765179   0.393407   0.519645
     37073       0.08   0.938462   0.830383    0.88112
     65033       0.29    0.71151   0.655589   0.682405
     55073   0.289495   0.727186   0.558787   0.631961
     66053       0.25   0.757465   0.563979   0.646557
     85048       0.45   0.781163   0.681431   0.727897
     42012       0.04    0.87507   0.480142   0.620062
     87046       0.38   0.755201   0.531302   0.623768
    105025       0.41   0.691946   0.543468   0.608785
    101087       0.26    0.86676   0.840471   0.853413
     69020       0.29   0.815134   0.650855    0.72379
