         0          1   0.295659   0.456384
      0.01    0.99171   0.361049   0.529372
      0.02    0.99171   0.361302   0.529643
      0.03    0.99171   0.361768   0.530143
      0.04    0.99171   0.363012   0.531479
      0.05    0.99171   0.364145   0.532691
      0.06    0.99171   0.367177   0.535929
      0.07    0.99171   0.369148   0.538025
      0.08   0.991397   0.372685   0.541725
      0.09   0.991358   0.375591   0.544782
       0.1   0.990654   0.380116   0.549419
      0.11    0.99038   0.385957   0.555451
      0.12   0.990185   0.389891   0.559482
      0.13   0.989676   0.395759   0.565415
      0.14   0.989363   0.400874   0.570564
      0.15   0.988464   0.408791   0.578384
      0.16   0.986939   0.414937   0.584242
      0.17   0.984358   0.425067   0.593743
      0.18   0.983771   0.431762   0.600135
      0.19   0.977906   0.442357    0.60916
       0.2   0.975716   0.452923   0.618664
      0.21   0.971297   0.465516   0.629385
      0.22   0.967738   0.479181   0.640978
      0.23   0.965744   0.488204   0.648551
      0.24   0.960543   0.503488   0.660672
      0.25   0.956437   0.514493   0.669073
      0.26   0.951588   0.531215   0.681814
      0.27   0.944901   0.538999   0.686435
      0.28   0.936962   0.553745   0.696097
      0.29   0.933599   0.563911   0.703123
       0.3   0.921164   0.580836   0.712443
      0.31   0.911583   0.601134   0.724503
      0.32   0.904153   0.614864   0.731962
      0.33   0.894729   0.633542   0.741816
      0.34   0.885852   0.646031   0.747169
      0.35   0.876545   0.666955    0.75752
      0.36   0.865986   0.681798   0.762933
      0.37   0.853746   0.704255   0.771829
      0.38   0.845651   0.718464   0.776887
      0.39   0.837674   0.737929   0.784644
       0.4    0.82778   0.751132   0.787596
      0.41   0.817574   0.767442   0.791715
      0.42   0.804043   0.785929   0.794883
      0.43   0.794502    0.79863    0.79656
      0.44   0.778547   0.810945   0.794416
      0.45   0.769083   0.821182   0.794279
      0.46   0.760246   0.835037   0.795888
      0.47   0.750196   0.846135   0.795282
      0.48   0.740263   0.857677   0.794656
      0.49   0.735766   0.864567   0.794983
       0.5   0.724386   0.872278   0.791483
      0.51   0.712342   0.881964   0.788129
      0.52   0.704208   0.887698   0.785378
      0.53   0.695057   0.897338    0.78335
      0.54   0.683873   0.902285   0.778041
      0.55   0.666745   0.912649   0.770554
      0.56   0.659276   0.917579   0.767271
      0.57   0.645667   0.926397   0.760966
      0.58   0.637494   0.932349   0.757231
      0.59   0.623299   0.940693    0.74979
       0.6   0.617863   0.946311   0.747603
      0.61   0.606484   0.949377   0.740145
      0.62   0.595691   0.952065    0.73285
      0.63   0.581456      0.956   0.723106
      0.64   0.568239   0.962272   0.714533
      0.65   0.558345   0.964377   0.707227
      0.66   0.544971   0.967799   0.697294
      0.67    0.53844   0.969086   0.692253
      0.68   0.532223   0.971256   0.687638
      0.69    0.52534   0.970994   0.681802
       0.7   0.510558   0.975087   0.670199
      0.71   0.497967   0.978182   0.659963
      0.72   0.488738   0.978712   0.651925
      0.73   0.472431   0.979978   0.637523
      0.74   0.465822   0.981651   0.631825
      0.75   0.449593   0.983764   0.617144
      0.76   0.437784   0.985149   0.606187
      0.77   0.423784   0.987686   0.593092
      0.78    0.41565   0.988008   0.585136
      0.79   0.402745   0.988897   0.572379
       0.8   0.395863   0.989369   0.565471
      0.81   0.377874   0.989614   0.546915
      0.82   0.367277   0.989875   0.535766
      0.83   0.356053   0.990354   0.523792
      0.84   0.346473   0.989924   0.513293
      0.85   0.336657   0.989565   0.502396
      0.86   0.326177   0.990072   0.490696
      0.87   0.314602   0.989632    0.47743
      0.88    0.30506   0.991089   0.466523
      0.89   0.299312    0.99182    0.45985
       0.9   0.285234   0.991314   0.443001
      0.91   0.272173   0.990878   0.427045
      0.92   0.261145   0.990499   0.413319
      0.93   0.253363   0.990184   0.403485
      0.94   0.246363   0.992386   0.394733
      0.95    0.23647   0.993377   0.382004
      0.96   0.231347   0.994521   0.375374
      0.97   0.223056   0.997139   0.364562
      0.98   0.214101   0.998507   0.352598
      0.99   0.205303          1   0.340666
