         0          1   0.296598   0.457502
      0.01   0.971775   0.529442   0.685442
      0.02   0.971775   0.530642   0.686447
      0.03   0.971775   0.532708   0.688173
      0.04   0.971775   0.538261    0.69279
      0.05   0.971775   0.544195   0.697686
      0.06   0.971377   0.553794    0.70542
      0.07   0.971298   0.562825   0.712682
      0.08   0.969467   0.576259    0.72285
      0.09   0.968591   0.586314   0.730461
       0.1   0.967874   0.602373   0.742586
      0.11   0.967038   0.621472   0.756667
      0.12   0.965725    0.63434   0.765716
      0.13    0.96254   0.650632   0.776432
      0.14   0.959475   0.663771   0.784689
      0.15   0.952468   0.680712    0.79398
      0.16   0.948567    0.69259   0.800616
      0.17   0.941003   0.710446   0.809631
      0.18   0.933081   0.719964   0.812785
      0.19   0.925518   0.737984    0.82118
       0.2   0.917317   0.750374    0.82549
      0.21   0.908559   0.766884   0.831732
      0.22   0.899841   0.781621   0.836575
      0.23   0.893272    0.79286   0.840076
      0.24   0.884713   0.809308   0.845333
      0.25   0.876234    0.82281   0.848682
      0.26    0.86242   0.838643   0.850365
      0.27   0.855215   0.847107   0.851142
      0.28   0.838296   0.860606   0.849305
      0.29   0.827986   0.867783   0.847417
       0.3   0.817516   0.879285   0.847276
      0.31   0.805533   0.887557   0.844558
      0.32   0.792038   0.894534   0.840172
      0.33   0.774881   0.898042   0.831928
      0.34   0.765366   0.904198    0.82901
      0.35    0.74379   0.910881   0.818899
      0.36    0.73117   0.914263    0.81253
      0.37   0.719546   0.918333   0.806876
      0.38   0.708041   0.922901   0.801318
      0.39   0.693392   0.928167   0.793784
       0.4   0.684873   0.928877   0.788428
      0.41   0.654618   0.931681   0.768953
      0.42   0.637739   0.934189    0.75801
      0.43   0.626632   0.935188   0.750431
      0.44   0.613575   0.937654   0.741762
      0.45   0.603105   0.937884   0.734129
      0.46   0.584156   0.938514   0.720102
      0.47   0.568232    0.93796   0.707718
      0.48   0.551553   0.938808   0.694868
      0.49   0.543312   0.938809   0.688292
       0.5   0.530215   0.937899   0.677452
      0.51   0.514212   0.938266   0.664337
      0.52    0.50617   0.938785   0.657716
      0.53   0.493113   0.939631   0.646793
      0.54   0.483957   0.939906    0.63893
      0.55   0.471975   0.939013   0.628199
      0.56   0.462699     0.9384   0.619795
      0.57   0.454618   0.938713   0.612569
      0.58    0.44801   0.937304   0.606247
      0.59   0.435788   0.935466   0.594587
       0.6   0.428941   0.934915   0.588073
      0.61   0.419427   0.934537   0.578996
      0.62   0.406807   0.933141   0.566602
      0.63   0.401393   0.932432   0.561201
      0.64   0.394546   0.931055    0.55423
      0.65    0.39164   0.930387    0.55124
      0.66   0.385947   0.929455   0.545416
      0.67   0.382803   0.929825   0.542331
      0.68   0.378583   0.929712   0.538064
      0.69      0.375   0.929961   0.534476
       0.7   0.365605   0.928619   0.524651
      0.71   0.359116   0.927322   0.517734
      0.72   0.357365    0.92668   0.515812
      0.73   0.352906   0.925952    0.51104
      0.74   0.348328   0.924965   0.506076
      0.75   0.344865   0.923352   0.502172
      0.76   0.342834   0.922351   0.499869
      0.77    0.33547   0.920328   0.491707
      0.78   0.333479   0.919123   0.489395
      0.79   0.324801   0.916537   0.479631
       0.8   0.321338   0.915079   0.475648
      0.81   0.317914   0.913149    0.47163
      0.82   0.314928   0.910684   0.468011
      0.83   0.312818   0.909014   0.465459
      0.84   0.306847    0.90531   0.458343
      0.85   0.299642   0.901564   0.449792
      0.86   0.293232   0.896718   0.441946
      0.87   0.280653   0.890816   0.426832
      0.88   0.261903   0.884698    0.40416
      0.89   0.253384    0.88058   0.393531
       0.9   0.240048   0.876014   0.376834
      0.91    0.22926   0.872467   0.363105
      0.92   0.225717   0.870889   0.358514
      0.93   0.217994   0.867089   0.348397
      0.94   0.211903   0.865212    0.34043
      0.95   0.207046   0.863874   0.334034
      0.96   0.200358   0.861518   0.325108
      0.97   0.190685   0.857534   0.311993
      0.98   0.182126   0.854342   0.300246
      0.99   0.178065   0.852273   0.294583
