         0          1   0.168956   0.289072
      0.01   0.949951   0.266621   0.416378
      0.02   0.949951    0.26693   0.416755
      0.03   0.949951   0.267858   0.417885
      0.04   0.949869    0.26994   0.420407
      0.05   0.949705   0.271853   0.422706
      0.06   0.949376   0.274957   0.426416
      0.07   0.947982   0.278257    0.43023
      0.08   0.947735   0.284304   0.437397
      0.09   0.947407    0.28823   0.441992
       0.1   0.943715   0.292014   0.446017
      0.11   0.938382   0.298718   0.453175
      0.12   0.934772   0.303473   0.458193
      0.13   0.926731   0.309153   0.463639
      0.14   0.922054   0.313056   0.467416
      0.15   0.912947   0.319161   0.472974
      0.16   0.909501   0.323065   0.476774
      0.17   0.903348    0.32909   0.482431
      0.18    0.89744   0.331432   0.484087
      0.19   0.886938   0.338264   0.489746
       0.2   0.876436   0.342025   0.492036
      0.21   0.859862   0.348786    0.49627
      0.22   0.850427   0.357106   0.502997
      0.23   0.846406   0.361181   0.506308
      0.24    0.83492   0.367118   0.509991
      0.25   0.825894   0.369373   0.510452
      0.26   0.816787   0.374551   0.513588
      0.27   0.811126   0.375135    0.51301
      0.28   0.798901   0.377663   0.512875
      0.29   0.784132   0.381333   0.513127
       0.3   0.775107   0.387638   0.516813
      0.31   0.760338    0.39216    0.51744
      0.32   0.738185   0.393301   0.513181
      0.33   0.717919   0.396108   0.510532
      0.34   0.704381   0.397413   0.508135
      0.35   0.695602   0.402488   0.509924
      0.36   0.683213   0.405876   0.509232
      0.37    0.65343   0.409277   0.503307
      0.38   0.645143   0.413704    0.50413
      0.39   0.632918   0.417591   0.503186
       0.4   0.618969   0.421281   0.501341
      0.41    0.60617   0.426377    0.50062
      0.42   0.599278   0.431631   0.501823
      0.43   0.591894   0.433999   0.500796
      0.44    0.57852   0.440623   0.500242
      0.45   0.575484   0.444913   0.501844
      0.46   0.562028   0.451947   0.501012
      0.47   0.558664   0.456452   0.502412
      0.48   0.548901   0.461282   0.501291
      0.49   0.543567   0.463639   0.500432
       0.5   0.537742   0.469417   0.501262
      0.51   0.529947   0.469552   0.497925
      0.52   0.524614   0.471071   0.496403
      0.53   0.512964   0.473684   0.492542
      0.54   0.506974   0.473725   0.489786
      0.55   0.501067   0.479335    0.48996
      0.56   0.494585   0.481451    0.48793
      0.57   0.488595   0.482598   0.485578
      0.58   0.486134   0.483283   0.484704
      0.59   0.481047   0.485956   0.483489
       0.6   0.476042   0.485986   0.480962
      0.61   0.460125   0.485019   0.472244
      0.62   0.452084   0.480501   0.465859
      0.63   0.441172   0.478624   0.459135
      0.64   0.432393   0.481989   0.455846
      0.65    0.42747   0.482438   0.453293
      0.66    0.42189   0.482851   0.450317
      0.67    0.41828   0.482796   0.448229
      0.68   0.409173   0.484507   0.443665
      0.69   0.406383   0.484988    0.44222
       0.7   0.393338    0.48041   0.432535
      0.71   0.387348   0.481481   0.429315
      0.72   0.381031    0.48358   0.426224
      0.73   0.371021   0.481331   0.419038
      0.74   0.366754   0.482879   0.416881
      0.75   0.358796   0.485756   0.412733
      0.76   0.352232   0.486446     0.4086
      0.77   0.343617   0.492089   0.404664
      0.78   0.342632   0.497952   0.405943
      0.79   0.325156     0.4974   0.393244
       0.8     0.3149   0.495479    0.38507
      0.81   0.303413   0.493359   0.375745
      0.82   0.295208   0.500508   0.371374
      0.83   0.291106   0.505263   0.369389
      0.84   0.282245   0.514574   0.364539
      0.85   0.277322   0.513921   0.360247
      0.86   0.262799   0.514599    0.34792
      0.87   0.258451   0.512658   0.343653
      0.88   0.250082   0.526897   0.339179
      0.89   0.247867   0.526391   0.337032
       0.9   0.232852    0.53096   0.323732
      0.91   0.223745   0.549747   0.318046
      0.92   0.210699   0.544144   0.303773
      0.93   0.197243    0.55336   0.290823
      0.94   0.193141   0.556701   0.286785
      0.95   0.179521   0.556769   0.271501
      0.96   0.172054   0.559908   0.263223
      0.97   0.161716   0.564039   0.251364
      0.98   0.157696   0.570681   0.247109
      0.99   0.141615   0.585294   0.228051
