         0          1   0.337394   0.504555
      0.01   0.905224   0.384391   0.539634
      0.02   0.905224   0.384859   0.540095
      0.03   0.905224   0.385531   0.540757
      0.04   0.905139   0.386888   0.542074
      0.05   0.905139   0.388217   0.543377
      0.06   0.905139   0.391311   0.546401
      0.07    0.90501   0.392788   0.547816
      0.08   0.903342   0.395731   0.550362
      0.09   0.901074   0.399259   0.553338
       0.1   0.897737   0.404246   0.557467
      0.11   0.892217   0.410445   0.562242
      0.12   0.890249   0.414748   0.565869
      0.13   0.883745    0.42128    0.57057
      0.14   0.877455   0.424767   0.572428
      0.15   0.864704   0.433868   0.577815
      0.16   0.858286   0.439897   0.581671
      0.17   0.844936   0.452414   0.589295
      0.18   0.834881   0.460085   0.593246
      0.19   0.811989   0.472461    0.59735
       0.2   0.794489   0.481637   0.599714
      0.21   0.773009   0.494453   0.603122
      0.22   0.748791   0.509775   0.606587
      0.23   0.735099   0.519903   0.609051
      0.24   0.712207   0.532786   0.609568
      0.25   0.696333   0.542347   0.609768
      0.26   0.670147   0.555843   0.607666
      0.27    0.65239   0.564181   0.605088
      0.28   0.627016   0.578078   0.601554
      0.29   0.612854   0.586864   0.599577
       0.3   0.588593    0.60081   0.594638
      0.31    0.56031   0.613002   0.585473
      0.32   0.551282   0.619048   0.583203
      0.33   0.538745   0.634262   0.582614
      0.34   0.522785   0.640938   0.575863
      0.35    0.50507   0.655874   0.570678
      0.36   0.489709    0.66484   0.563992
      0.37   0.474905   0.689758   0.562514
      0.38    0.46823   0.702505   0.561927
      0.39   0.455821   0.719626   0.558121
       0.4   0.442899   0.732339   0.551977
      0.41   0.428694   0.748636   0.545192
      0.42   0.417483    0.75968   0.538844
      0.43   0.407984   0.764488   0.532037
      0.44   0.400154   0.776471   0.528134
      0.45   0.390741   0.782985   0.521321
      0.46   0.381884   0.794858   0.515905
      0.47   0.375123   0.799668   0.510685
      0.48   0.365025   0.803613   0.502018
      0.49   0.357494   0.813374   0.496685
       0.5    0.34346   0.820051   0.484146
      0.51   0.335159   0.828051   0.477177
      0.52   0.332207   0.833565   0.475077
      0.53   0.324334   0.839416   0.467886
      0.54   0.320226    0.84096   0.463831
      0.55   0.315519   0.849412   0.460123
      0.56   0.304309   0.852486   0.448513
      0.57   0.293954   0.854701   0.437456
      0.58   0.284241   0.859305    0.42718
      0.59     0.2744    0.86862   0.417052
       0.6   0.266912   0.874126   0.408952
      0.61    0.25951   0.881303   0.400954
      0.62   0.247144   0.891892   0.387039
      0.63   0.234735   0.899289   0.372293
      0.64   0.227761   0.910692   0.364389
      0.65   0.221856   0.910853   0.356805
      0.66   0.210389   0.913279   0.341994
      0.67   0.206624   0.916901   0.337248
      0.68   0.200976   0.924779   0.330193
      0.69   0.195713   0.926154    0.32314
       0.7   0.184545   0.923841   0.307637
      0.71   0.179667   0.933216   0.301322
      0.72   0.175388   0.936479   0.295444
      0.73   0.169056   0.936902   0.286428
      0.74   0.163493   0.933735   0.278264
      0.75   0.155278   0.931183   0.266171
      0.76   0.150571   0.932584    0.25928
      0.77   0.140045      0.925   0.243261
      0.78   0.134141   0.920844   0.234169
      0.79   0.123444    0.91453   0.217525
       0.8   0.114201   0.915152   0.203063
      0.81   0.108596   0.918567    0.19423
      0.82  0.0950323   0.917857   0.172232
      0.83  0.0850627    0.91954    0.15572
      0.84  0.0840786      0.924   0.154132
      0.85  0.0795858    0.92827   0.146603
      0.86  0.0772753   0.932432   0.142722
      0.87  0.0763767   0.935185    0.14122
      0.88  0.0699157   0.932692    0.13008
      0.89  0.0686321       0.93   0.127831
       0.9  0.0627273    0.94086   0.117613
      0.91  0.0610586     0.9375    0.11465
      0.92  0.0597321    0.94186    0.11234
      0.93  0.0582346   0.945455   0.109712
      0.94  0.0574644       0.95   0.108373
      0.95  0.0537418   0.953642    0.10175
      0.96  0.0533139    0.95302   0.100979
      0.97  0.0498909   0.977778  0.0949376
      0.98  0.0497625   0.977612  0.0947044
      0.99   0.045826   0.976563   0.087544
