         0          1   0.223995   0.366006
      0.01   0.951248   0.270877   0.421677
      0.02   0.951248   0.271077   0.421919
      0.03   0.951248   0.271309     0.4222
      0.04   0.951248   0.272045   0.423091
      0.05   0.951248   0.272891   0.424113
      0.06   0.951119    0.27456   0.426113
      0.07   0.951119    0.27661   0.428579
      0.08    0.95099   0.278765   0.431147
      0.09   0.950861   0.281183    0.43402
       0.1   0.950409   0.285044   0.438557
      0.11   0.949636   0.289217   0.443395
      0.12   0.949249   0.292158   0.446801
      0.13   0.947056   0.296691   0.451833
      0.14   0.945573   0.300242   0.455767
      0.15   0.940801   0.306553   0.462427
      0.16    0.93906   0.309957   0.466075
      0.17    0.93532   0.317546   0.474124
      0.18   0.933385   0.322736    0.47963
      0.19   0.929129   0.330966   0.488074
       0.2   0.925582   0.335813   0.492823
      0.21   0.920036   0.344112   0.500884
      0.22   0.908622   0.353447   0.508926
      0.23   0.904366   0.359944   0.514939
      0.24    0.89321   0.367882   0.521129
      0.25   0.890501   0.375045   0.527801
      0.26   0.880119   0.383976   0.534682
      0.27   0.873412   0.391151   0.540322
      0.28   0.860128   0.399892   0.545957
      0.29   0.852905   0.407249   0.551273
       0.3   0.839427   0.419559   0.559481
      0.31   0.824337   0.431463   0.566445
      0.32   0.808925   0.439855   0.569851
      0.33   0.800542   0.455607   0.580715
      0.34   0.787064   0.463924   0.583759
      0.35   0.771909   0.474721   0.587892
      0.36   0.755078   0.482876   0.589051
      0.37   0.738892   0.500273   0.596607
      0.38   0.731605   0.509852   0.600924
      0.39   0.717869   0.524071   0.605849
       0.4   0.708648   0.533248   0.608562
      0.41   0.692075   0.544409   0.609425
      0.42   0.675824   0.554891   0.609416
      0.43   0.666731   0.562221   0.610032
      0.44   0.650158   0.572256   0.608725
      0.45   0.641194   0.578257   0.608102
      0.46   0.626749   0.585867   0.605619
      0.47   0.615142   0.590582   0.602612
      0.48   0.598762   0.601641   0.600198
      0.49   0.589605   0.607342   0.598342
       0.5   0.570581   0.618403    0.59353
      0.51   0.560134   0.625137   0.590853
      0.52   0.556071   0.631937   0.591582
      0.53   0.548462   0.637687   0.589719
      0.54   0.537822   0.643819   0.586066
      0.55   0.528278   0.650644    0.58311
      0.56   0.520152   0.652852   0.578996
      0.57   0.498356   0.661779   0.568557
      0.58   0.485716   0.666338   0.561868
      0.59   0.475011   0.674082   0.557303
       0.6   0.466435   0.680236   0.553403
      0.61   0.455923   0.689655   0.548945
      0.62   0.440833   0.694955   0.539466
      0.63   0.431096   0.694479   0.531971
      0.64   0.421487   0.700645   0.526342
      0.65   0.411943   0.704348   0.519849
      0.66   0.405365   0.710287   0.516157
      0.67   0.395499   0.711497   0.508396
      0.68   0.383827   0.716895   0.499969
      0.69   0.375056   0.722002   0.493668
       0.7   0.362675   0.727349    0.48401
      0.71   0.349842   0.732444   0.473516
      0.72   0.339653    0.73524   0.464654
      0.73   0.326111    0.74143   0.452982
      0.74   0.317727   0.741081   0.444767
      0.75   0.300767   0.743169   0.428227
      0.76   0.292126    0.74744   0.420073
      0.77   0.284323   0.750297   0.412377
      0.78   0.275682   0.754601   0.403831
      0.79   0.268975   0.761408   0.397522
       0.8   0.260334   0.765265   0.388504
      0.81   0.254595   0.779539   0.383831
      0.82   0.240472   0.786604   0.368339
      0.83   0.232992   0.799347   0.360814
      0.84   0.228155   0.811419   0.356164
      0.85   0.221964   0.823956   0.349718
      0.86   0.213452   0.843023   0.340652
      0.87   0.206874   0.843373    0.33225
      0.88   0.202941   0.856842   0.328158
      0.89   0.197266    0.86087    0.32098
       0.9   0.193977   0.867117   0.317033
      0.91   0.186883   0.863415   0.307261
      0.92   0.176501   0.861893      0.293
      0.93   0.169536   0.863014     0.2834
      0.94   0.161733   0.870317   0.272776
      0.95   0.151287   0.875776   0.258004
      0.96   0.141033   0.876221    0.24296
      0.97   0.129167    0.87931   0.225247
      0.98    0.12762   0.902527   0.223619
      0.99   0.125363   0.922179    0.22072
