         0          1   0.193017   0.323578
      0.01   0.928645   0.257714   0.403461
      0.02   0.928645   0.260598   0.406987
      0.03   0.928645   0.263745   0.410814
      0.04   0.928645   0.269831    0.41816
      0.05   0.928645   0.275464   0.424892
      0.06    0.92822   0.285233   0.436372
      0.07   0.927371   0.293797   0.446226
      0.08   0.924155   0.309372   0.463562
      0.09   0.922335   0.320856   0.476092
       0.1   0.918452   0.340421   0.496731
      0.11   0.912991    0.35886   0.515211
      0.12   0.910139   0.371816   0.527951
      0.13   0.905103   0.391344   0.546426
      0.14   0.900491   0.401378   0.555259
      0.15   0.886657   0.417937   0.568095
      0.16   0.877253   0.430191   0.577289
      0.17   0.863236   0.446805   0.588834
      0.18   0.856137   0.455916   0.594986
      0.19   0.841575    0.47528   0.607483
       0.2   0.826285    0.49521   0.619275
      0.21    0.80517   0.525011   0.635588
      0.22   0.791093   0.559919   0.655728
      0.23   0.782113   0.580048   0.666093
      0.24   0.765852   0.605064   0.676029
      0.25   0.758388   0.619019   0.681653
      0.26   0.744433   0.651364   0.694796
      0.27   0.734846   0.669363   0.700578
      0.28   0.713246   0.687759    0.70027
      0.29   0.700807   0.701217   0.701012
       0.3   0.688368   0.722013   0.704789
      0.31   0.660215   0.738276   0.697067
      0.32   0.654693   0.749421   0.698862
      0.33   0.644014   0.772727   0.702524
      0.34   0.637825    0.78509   0.703837
      0.35   0.620957   0.807841   0.702177
      0.36   0.616346   0.824713   0.705465
      0.37   0.608337   0.847324   0.708212
      0.38   0.596748   0.858662   0.704138
      0.39   0.584613   0.880528   0.702687
       0.4   0.578363   0.894303   0.702443
      0.41   0.572235   0.915698   0.704325
      0.42   0.556641   0.930929   0.696698
      0.43    0.54851   0.938792   0.692444
      0.44   0.536072   0.951464   0.685769
      0.45   0.522116   0.957205   0.675678
      0.46   0.507493   0.963437   0.664801
      0.47   0.504642   0.971698   0.664291
      0.48   0.496026   0.976355   0.657842
      0.49   0.489533   0.978593   0.652606
       0.5   0.475639   0.982646   0.641006
      0.51   0.462957   0.986317    0.63014
      0.52   0.454281   0.989387   0.622663
      0.53   0.436078   0.990136   0.605486
      0.54   0.427098   0.991083   0.596947
      0.55   0.410776   0.994667   0.581433
      0.56   0.401675   0.995935   0.572466
      0.57   0.392573   0.998597   0.563587
      0.58    0.38244   0.998563   0.553063
      0.59   0.360961   0.998512   0.530241
       0.6   0.354287   0.998469   0.522998
      0.61   0.347916   0.998428   0.516018
      0.62   0.340695   0.998395   0.508029
      0.63   0.331776   0.998369   0.498043
      0.64   0.321582   0.998319   0.486463
      0.65   0.317153   0.998294   0.481375
      0.66   0.303501   0.998261   0.465482
      0.67   0.298222   0.998233   0.459245
      0.68   0.295613   0.998214   0.456143
      0.69   0.289485   0.998198   0.448811
       0.7   0.281112   0.998162   0.438678
      0.71   0.280687   0.998155    0.43816
      0.72   0.278867   0.998138   0.435938
      0.73   0.275226   0.998106   0.431474
      0.74   0.272071   0.998077   0.427584
      0.75   0.264486   0.998035   0.418158
      0.76    0.26121   0.998004    0.41405
      0.77   0.257812   0.997959   0.409766
      0.78   0.250956   0.997921   0.401055
      0.79   0.246769   0.997877   0.395687
       0.8   0.245555   0.997863   0.394124
      0.81   0.239973    0.99784     0.3869
      0.82   0.234694   0.997807   0.380007
      0.83   0.231418   0.997778   0.375699
      0.84   0.224258   0.997706   0.366204
      0.85   0.223045   0.997691   0.364583
      0.86   0.212426   0.997555   0.350265
      0.87   0.207208   0.997506   0.343138
      0.88   0.201323   0.997442   0.335024
      0.89   0.197561   0.997403   0.329797
       0.9   0.197075   0.997382   0.329119
      0.91   0.194891   0.997333   0.326065
      0.92   0.194709   0.997312   0.325809
      0.93   0.192585    0.99726   0.322828
      0.94   0.191615   0.997245   0.321462
      0.95   0.190158          1   0.319551
      0.96   0.190158          1   0.319551
      0.97   0.180814          1   0.306254
      0.98   0.179843          1    0.30486
      0.99   0.171167          1   0.292301
