         0          1   0.230724    0.37494
      0.01   0.822559   0.203204   0.325898
      0.02   0.822559   0.203405   0.326157
      0.03   0.822559   0.203643   0.326462
      0.04   0.822559   0.204258   0.327253
      0.05   0.822051   0.204779   0.327881
      0.06   0.820105   0.205504   0.328653
      0.07   0.818159   0.206907   0.330287
      0.08   0.811812   0.208298    0.33153
      0.09    0.80682   0.209451   0.332567
       0.1   0.790151    0.21102   0.333085
      0.11   0.774327   0.213157   0.334291
      0.12   0.764766   0.214849   0.335457
      0.13   0.754527   0.217425   0.337574
      0.14   0.742342    0.21983   0.339209
      0.15   0.724911   0.222492   0.340482
      0.16   0.707903   0.223789   0.340071
      0.17    0.67431   0.227707   0.340449
      0.18   0.659502   0.231111   0.342277
      0.19   0.640887   0.235009   0.343909
       0.2    0.62811   0.236473    0.34359
      0.21   0.604502   0.239971   0.343559
      0.22   0.593078   0.242953   0.344701
      0.23    0.57844   0.244961   0.344171
      0.24   0.567355   0.248891   0.345998
      0.25   0.549078   0.250417   0.343963
      0.26   0.535201   0.254084    0.34458
      0.27   0.529785   0.255862    0.34507
      0.28   0.511677   0.259569   0.344418
      0.29   0.497292    0.25808   0.339809
       0.3   0.480792    0.25897   0.336624
      0.31   0.466576   0.260225   0.334107
      0.32   0.447876   0.261088   0.329876
      0.33   0.429853   0.261106   0.324874
      0.34   0.419699   0.262763   0.323186
      0.35   0.403791   0.264888   0.319912
      0.36   0.394229   0.267209   0.318523
      0.37   0.380944   0.269964   0.315993
      0.38   0.367236   0.270724    0.31168
      0.39   0.361821   0.275542   0.312842
       0.4   0.352852   0.275431   0.309371
      0.41   0.339144   0.276749   0.304786
      0.42   0.332205   0.279759   0.303735
      0.43   0.324505   0.282367   0.301973
      0.44   0.309359   0.283277   0.295744
      0.45   0.296497   0.281948   0.289039
      0.46   0.282197   0.284406   0.283297
      0.47    0.27492   0.286611   0.280644
      0.48    0.26942   0.291973   0.280243
      0.49   0.261804   0.290764   0.275525
       0.5   0.256473   0.296676   0.275114
      0.51   0.245981   0.299145   0.269971
      0.52   0.235742   0.302806   0.265098
      0.53   0.227196   0.303719   0.259943
      0.54    0.21975   0.307294   0.256251
      0.55   0.207819   0.310471   0.248979
      0.56   0.204772   0.313837   0.247837
      0.57   0.196818   0.316002   0.242561
      0.58   0.192672   0.318158   0.240002
      0.59   0.182941    0.32493   0.234087
       0.6    0.17541   0.324166   0.227641
      0.61   0.168895   0.327543   0.222869
      0.62   0.165849   0.331586   0.221107
      0.63   0.164918    0.33744   0.221555
      0.64   0.159587   0.339194   0.217053
      0.65   0.149348   0.338944   0.207338
      0.66   0.143679   0.348112   0.203405
      0.67   0.141225   0.350594   0.201345
      0.68   0.138094   0.359161   0.199488
      0.69   0.130987   0.359885   0.192067
       0.7   0.128025   0.368201    0.18999
      0.71    0.12024   0.369492   0.181437
      0.72   0.119563   0.377962   0.181661
      0.73   0.112709   0.386189   0.174493
      0.74   0.110932   0.393531   0.173076
      0.75   0.104332   0.399413   0.165447
      0.76   0.101709   0.403963   0.162504
      0.77  0.0979015   0.409619   0.158032
      0.78  0.0935014   0.417544   0.152789
      0.79  0.0915553   0.434783   0.151259
       0.8  0.0866475   0.445122   0.145058
      0.81  0.0851244   0.459052   0.143617
      0.82  0.0828397   0.466981   0.140717
      0.83  0.0764935   0.477157    0.13185
      0.84  0.0725165   0.495798   0.126527
      0.85  0.0693857   0.501449   0.121904
      0.86   0.067778   0.522152   0.119982
      0.87  0.0625317   0.529605   0.111856
      0.88  0.0564393   0.552347   0.102414
      0.89  0.0523777   0.550186  0.0956496
       0.9    0.05077   0.547244  0.0929195
      0.91  0.0493315   0.561983  0.0907012
      0.92  0.0454392   0.577778  0.0842523
      0.93  0.0451007   0.591549  0.0838115
      0.94  0.0437468    0.60101  0.0815572
      0.95  0.0429007   0.623656   0.080279
      0.96  0.0416314   0.640449  0.0781808
      0.97  0.0394314   0.654545  0.0743818
      0.98  0.0390083   0.679487  0.0737809
      0.99  0.0382467   0.702128  0.0725419
