         0          1   0.282356    0.44037
      0.01   0.895439   0.345432   0.498542
      0.02   0.895439   0.345999   0.499132
      0.03   0.895439   0.347124   0.500302
      0.04   0.895439   0.349234    0.50249
      0.05   0.895439   0.350348   0.503642
      0.06   0.895439   0.353353    0.50674
      0.07   0.895439   0.355433   0.508875
      0.08   0.894313   0.357402   0.510706
      0.09   0.893863   0.359539    0.51281
       0.1   0.890935   0.362562   0.515388
      0.11   0.886768   0.366661   0.518806
      0.12   0.884685   0.369846   0.521624
      0.13   0.881532   0.374297   0.525477
      0.14   0.876014   0.377892   0.528012
      0.15   0.870608   0.383558   0.532511
      0.16   0.864527   0.386993   0.534656
      0.17   0.856644   0.392448   0.538293
      0.18   0.843694   0.395358   0.538414
      0.19   0.828941   0.399814   0.539444
       0.2   0.819651   0.403474   0.540759
      0.21   0.799324    0.40624   0.538698
      0.22   0.788964   0.411755   0.541109
      0.23   0.777027   0.413577   0.539828
      0.24   0.761318   0.415265   0.537401
      0.25    0.75259   0.417399    0.53698
      0.26   0.735023   0.420826    0.53522
      0.27   0.722748   0.423939   0.534411
      0.28   0.707207   0.428855   0.533931
      0.29   0.690991   0.430975   0.530853
       0.3   0.669651   0.433211   0.526086
      0.31   0.649831   0.435712   0.521654
      0.32    0.63643   0.438135   0.518986
      0.33     0.6183    0.44156   0.515194
      0.34   0.608953   0.445976   0.514875
      0.35   0.595214   0.448441   0.511507
      0.36    0.58339   0.449661    0.50787
      0.37   0.565935    0.45391    0.50377
      0.38   0.554054   0.456299   0.500448
      0.39   0.530912   0.461793   0.493946
       0.4   0.519932   0.463278   0.489973
      0.41   0.506757    0.46835   0.486797
      0.42   0.488288   0.473267    0.48066
      0.43   0.475788   0.475406   0.475597
      0.44   0.456475   0.477612   0.466804
      0.45   0.446227   0.479954   0.462477
      0.46   0.421622   0.480864   0.449298
      0.47   0.408502   0.484135   0.443115
      0.48   0.398086    0.49159   0.439924
      0.49   0.388007   0.492942   0.434225
       0.5   0.376126   0.497315   0.428313
      0.51   0.361543   0.502215   0.420424
      0.52   0.350113   0.502133   0.412564
      0.53   0.336712   0.508151   0.405037
      0.54   0.330068    0.50955   0.400625
      0.55   0.317568   0.515432      0.393
      0.56   0.307827   0.521042   0.387011
      0.57   0.297579    0.52389   0.379561
      0.58   0.291836   0.526247   0.375457
      0.59   0.283615   0.532689   0.370153
       0.6   0.276914   0.530361   0.363852
      0.61   0.268806    0.52694   0.356005
      0.62   0.263964   0.528926   0.352173
      0.63   0.261374   0.530255   0.350151
      0.64   0.255856   0.530454   0.345207
      0.65   0.251239   0.531034   0.341099
      0.66   0.240259   0.533731   0.331358
      0.67   0.233108   0.533742   0.324495
      0.68   0.228097   0.535622   0.319944
      0.69   0.224887   0.536309   0.316894
       0.7   0.221509   0.543601   0.314759
      0.71   0.213851   0.545387   0.307234
      0.72   0.211712   0.545729   0.305073
      0.73   0.204899    0.54379   0.297645
      0.74   0.198367   0.538525   0.289936
      0.75   0.193919   0.540633    0.28545
      0.76   0.192905   0.540444   0.284324
      0.77   0.188401   0.544173   0.279897
      0.78   0.184966   0.542802   0.275912
      0.79   0.175338   0.548958   0.265784
       0.8   0.172579   0.549083   0.262616
      0.81    0.16402   0.553288   0.253031
      0.82   0.161318   0.553444   0.249818
      0.83    0.15411   0.558025    0.24152
      0.84   0.149155   0.560724   0.235632
      0.85   0.144369   0.562083   0.229733
      0.86   0.140766   0.561111   0.225069
      0.87   0.136374   0.566092   0.219798
      0.88   0.133784   0.569486   0.216668
      0.89   0.130124   0.573643   0.212129
       0.9   0.127703   0.576547   0.209092
      0.91    0.12286   0.577513   0.202616
      0.92   0.120552   0.582746   0.199776
      0.93   0.115878   0.576427   0.192965
      0.94   0.114302    0.57197   0.190529
      0.95   0.110529   0.576846   0.185513
      0.96   0.107601   0.576923   0.181375
      0.97    0.10259   0.581395   0.174405
      0.98   0.101182   0.582057   0.172396
      0.99  0.0961712   0.580499   0.165006
