         0          1   0.150167   0.261123
      0.01    0.86735   0.162359   0.273518
      0.02    0.86735   0.162711   0.274018
      0.03    0.86735    0.16314   0.274626
      0.04    0.86716   0.163549   0.275196
      0.05    0.86716   0.163413   0.275003
      0.06   0.862321   0.164535   0.276343
      0.07   0.862036   0.165134   0.277172
      0.08   0.860993   0.166068   0.278432
      0.09   0.859569   0.166546   0.279029
       0.1   0.856628   0.168011   0.280924
      0.11   0.852073   0.169105   0.282203
      0.12   0.849701   0.170295   0.283726
      0.13   0.841826   0.172921   0.286907
      0.14   0.834045   0.173993   0.287922
      0.15   0.823418   0.175928   0.289914
      0.16   0.820666   0.177798   0.292275
      0.17   0.806718   0.180883   0.295507
      0.18   0.801879   0.183321   0.298419
      0.19   0.794762   0.187708   0.303691
       0.2   0.787077   0.190312   0.306511
      0.21   0.772274   0.192072   0.307633
      0.22    0.75899   0.194243   0.309323
      0.23   0.747414   0.194629   0.308836
      0.24   0.731948   0.195614   0.308722
      0.25   0.719233   0.197212   0.309546
      0.26   0.700256   0.198308   0.309085
      0.27    0.68033   0.198647   0.307506
      0.28   0.666002   0.200595   0.308325
      0.29   0.651485   0.200518   0.306653
       0.3   0.627099   0.199653   0.302877
      0.31    0.59721   0.197644   0.296998
      0.32    0.57273    0.19708   0.293251
      0.33   0.548154   0.195316   0.288009
      0.34   0.539235    0.19563   0.287102
      0.35   0.506595   0.196531   0.283197
      0.36   0.495208   0.197637   0.282521
      0.37   0.478888   0.196957   0.279118
      0.38    0.46513    0.19669   0.276469
      0.39   0.451181   0.198158   0.275372
       0.4   0.434956   0.198355   0.272459
      0.41   0.415694   0.196554   0.266906
      0.42   0.402031    0.19692   0.264355
      0.43   0.395958   0.197921    0.26392
      0.44   0.382579   0.197949   0.260904
      0.45   0.376506    0.19802   0.259538
      0.46   0.364361   0.199567   0.257886
      0.47   0.356201   0.200099   0.256248
      0.48   0.350033   0.201757   0.255973
      0.49   0.346522   0.202868   0.255914
       0.5   0.336465   0.203958   0.253967
      0.51   0.328779    0.20568   0.253053
      0.52    0.31986   0.207854    0.25197
      0.53   0.317582   0.210736   0.253355
      0.54    0.31151   0.210526   0.251251
      0.55   0.307904   0.213276      0.252
      0.56   0.306386   0.215343   0.252921
      0.57   0.297751   0.214286   0.249216
      0.58   0.294525   0.216197   0.249354
      0.59   0.287883   0.215738   0.246643
       0.6   0.281716   0.212121   0.242015
      0.61   0.265965    0.20835   0.233658
      0.62   0.259323   0.209056   0.231492
      0.63   0.253724   0.209775   0.229666
      0.64   0.247557   0.205935   0.224836
      0.65   0.238637   0.206114   0.221187
      0.66   0.230193   0.206166   0.217518
      0.67    0.22412   0.205305     0.2143
      0.68   0.215485   0.200508   0.207727
      0.69   0.213018   0.201356   0.207023
       0.7   0.208464   0.201078   0.204704
      0.71   0.200399    0.19933   0.199863
      0.72   0.197362   0.196815   0.197088
      0.73   0.189392   0.197654   0.193435
      0.74   0.184078   0.193433    0.18864
      0.75   0.179713   0.191832   0.185575
      0.76   0.179239   0.192283   0.185532
      0.77   0.172502   0.189295   0.180509
      0.78   0.167094    0.18775    0.17682
      0.79   0.163488   0.186593   0.174278
       0.8   0.156087   0.186751   0.170048
      0.81   0.146314   0.181022   0.161828
      0.82   0.144131   0.180787   0.160391
      0.83   0.140621    0.18048   0.158076
      0.84   0.135117   0.180723   0.154627
      0.85   0.133125   0.178835   0.152631
      0.86   0.125724   0.173765   0.145891
      0.87   0.125534   0.176112   0.146582
      0.88   0.124205   0.179348   0.146768
      0.89   0.117279    0.17658   0.140946
       0.9   0.113958   0.174976   0.138024
      0.91   0.113293   0.175153    0.13759
      0.92   0.111965   0.175365    0.13667
      0.93   0.109878   0.171181   0.133844
      0.94  0.0995351   0.166853   0.124688
      0.95  0.0983964   0.168816   0.124327
      0.96  0.0967834   0.169675   0.123259
      0.97  0.0944112     0.1675   0.120758
      0.98  0.0927982   0.165605   0.118945
      0.99   0.088813   0.162667   0.114895
