         0          1   0.253826   0.404882
      0.01   0.934668   0.328039   0.485636
      0.02   0.934668   0.328417   0.486049
      0.03   0.934285   0.328685   0.486291
      0.04   0.933793   0.330224   0.487906
      0.05   0.931659   0.331343   0.488833
      0.06   0.930619   0.333788   0.491345
      0.07   0.930346   0.334277   0.491836
      0.08   0.926953   0.336722   0.493996
      0.09    0.92181     0.3384   0.495062
       0.1   0.916065   0.341977   0.498033
      0.11   0.909225   0.346724   0.502011
      0.12   0.899103   0.347857   0.501635
      0.13   0.883837   0.351558   0.503029
      0.14   0.875793   0.355046    0.50526
      0.15   0.862278   0.359141   0.507082
      0.16    0.85046   0.362489   0.508319
      0.17   0.829175   0.367363   0.509149
      0.18   0.812815   0.371613   0.510039
      0.19   0.785019   0.376138   0.508588
       0.2   0.770738   0.379668   0.508732
      0.21   0.744583   0.383137   0.505937
      0.22   0.715091    0.38946   0.504276
      0.23   0.692766   0.391702   0.500444
      0.24   0.663931   0.398821    0.49831
      0.25   0.645765   0.402146   0.495637
      0.26   0.620978   0.409378   0.493451
      0.27   0.604618   0.415536   0.492554
      0.28   0.580816   0.423385    0.48976
      0.29   0.563307   0.432029   0.489011
       0.3   0.533651   0.443111   0.484185
      0.31   0.507223   0.455713    0.48009
      0.32   0.496279   0.464822   0.480036
      0.33   0.476417   0.477522   0.476969
      0.34   0.465693   0.486679   0.475955
      0.35   0.448566   0.502397   0.473958
      0.36   0.439319   0.512552   0.473118
      0.37   0.423342   0.524691   0.468599
      0.38   0.414095   0.533549   0.466293
      0.39   0.397789   0.541813   0.458763
       0.4   0.388597   0.550489   0.455588
      0.41   0.373222   0.558079   0.447304
      0.42   0.357463   0.576504   0.441298
      0.43   0.349475   0.589756    0.43888
      0.44   0.336014   0.604088    0.43183
      0.45   0.328409   0.618586    0.42904
      0.46   0.318396   0.634131   0.423935
      0.47   0.312596    0.64744   0.421624
      0.48   0.301269   0.659441   0.413588
      0.49   0.288466   0.669361   0.403179
       0.5    0.27309   0.676012   0.389025
      0.51   0.264938   0.685309   0.382141
      0.52   0.258809   0.685714   0.375786
      0.53   0.249836   0.700649   0.368332
      0.54   0.245568   0.710808   0.365027
      0.55   0.238072   0.724818   0.358418
      0.56    0.22981   0.726293   0.349145
      0.57   0.221493   0.737317   0.340652
      0.58   0.216513   0.738068    0.33481
      0.59   0.212191    0.74665   0.330466
       0.6   0.206391   0.750314   0.323732
      0.61    0.20464   0.757143   0.322197
      0.62   0.199114   0.758808   0.315452
      0.63   0.195283    0.76512   0.311151
      0.64    0.18724   0.762811   0.300676
      0.65   0.182917   0.761976   0.295015
      0.66   0.180893    0.76087   0.292294
      0.67   0.176406   0.763955   0.286627
      0.68   0.171153   0.765494   0.279757
      0.69   0.168582   0.773286   0.276816
       0.7   0.160484   0.770522    0.26564
      0.71   0.156489   0.776908   0.260506
      0.72   0.152112     0.7751   0.254315
      0.73   0.141825   0.781585   0.240085
      0.74   0.140348   0.785088   0.238127
      0.75   0.136627   0.784897   0.232741
      0.76   0.130882   0.785024   0.224358
      0.77   0.125192   0.787958   0.216056
      0.78   0.121361   0.789617   0.210387
      0.79   0.113482   0.788235   0.198401
       0.8    0.10905   0.789308   0.191625
      0.81   0.103852   0.786667   0.183482
      0.82  0.0973955    0.79078   0.173431
      0.83  0.0903918   0.788104   0.162182
      0.84  0.0837711   0.787149   0.151427
      0.85  0.0836616   0.806723   0.151601
      0.86  0.0819107   0.806167   0.148712
      0.87  0.0785183   0.802817   0.143046
      0.88  0.0711315   0.795918   0.130592
      0.89  0.0703108   0.796875    0.12922
       0.9  0.0646203   0.805714   0.119645
      0.91  0.0583826   0.797546   0.108801
      0.92  0.0564128   0.797468   0.105372
      0.93  0.0557562   0.803922    0.10428
      0.94  0.0547166   0.809524   0.102505
      0.95  0.0535128   0.824818   0.100505
      0.96  0.0526921   0.820896  0.0990277
      0.97  0.0513241   0.830645  0.0966749
      0.98  0.0505581   0.838983  0.0953692
      0.99  0.0468921   0.855769  0.0889122
