         0          1   0.418411   0.589971
      0.01   0.973796   0.555727   0.707625
      0.02   0.973796   0.565036   0.715126
      0.03   0.973796   0.571481   0.720267
      0.04   0.973796   0.580281   0.727217
      0.05   0.973479   0.584544   0.730466
      0.06   0.972308   0.586598   0.731736
      0.07   0.970916   0.587062   0.731702
      0.08   0.969935   0.590663   0.734212
      0.09   0.969587   0.591626   0.734856
       0.1   0.968701   0.596054   0.738005
      0.11   0.968447   0.599702    0.74072
      0.12   0.967625   0.603071   0.743042
      0.13   0.965346   0.606485    0.74495
      0.14   0.961422   0.607684    0.74468
      0.15   0.958858   0.609472   0.745248
      0.16   0.956485   0.610503   0.745298
      0.17   0.954744   0.612103   0.745959
      0.18    0.95256    0.61259   0.745653
      0.19   0.948003    0.61408   0.745351
       0.2   0.945345    0.61454   0.744865
      0.21   0.939585   0.616658   0.744617
      0.22   0.934964   0.619027    0.74488
      0.23   0.931673   0.620308   0.744756
      0.24   0.924964   0.619775   0.742222
      0.25   0.920849   0.619719   0.740854
      0.26   0.913254   0.622521   0.740368
      0.27   0.907779   0.623208   0.739046
      0.28   0.898696   0.626581   0.738366
      0.29    0.88705   0.629792   0.736605
       0.3   0.876416   0.639034   0.739133
      0.31   0.867745   0.652515   0.744895
      0.32   0.857839   0.662329   0.747512
      0.33   0.846541   0.676238   0.751866
      0.34   0.836762   0.688884   0.755656
      0.35   0.828185   0.706578   0.762564
      0.36   0.815147   0.719791   0.764507
      0.37   0.799797    0.73514   0.766107
      0.38   0.791284   0.745221   0.767562
      0.39   0.774669   0.759315   0.766915
       0.4   0.769068   0.768704   0.768886
      0.41   0.748465   0.779597   0.763714
      0.42   0.736819   0.790264   0.762606
      0.43    0.72916   0.796417   0.761306
      0.44   0.713684   0.802784   0.755617
      0.45   0.702544    0.80817   0.751665
      0.46   0.692544   0.815207   0.748886
      0.47   0.685012   0.819434   0.746217
      0.48   0.674948   0.829245   0.744183
      0.49   0.667447   0.838646   0.743316
       0.5   0.657383   0.846401   0.740013
      0.51   0.648933   0.858213   0.739043
      0.52   0.641781   0.868089   0.737975
      0.53   0.630198   0.877446   0.733548
      0.54   0.625356   0.881045   0.731501
      0.55   0.616526   0.886243    0.72718
      0.56   0.609501   0.889273   0.723274
      0.57    0.59738   0.893101   0.715904
      0.58   0.588423   0.895519   0.710195
      0.59   0.578423   0.903967   0.705449
       0.6    0.56972   0.910485   0.700878
      0.61   0.561048     0.9133   0.695094
      0.62   0.554149   0.917843   0.691066
      0.63   0.549813   0.923411   0.689241
      0.64   0.543231   0.924719   0.684405
      0.65    0.53804   0.925317   0.680432
      0.66   0.533736   0.927367   0.677528
      0.67   0.528198   0.928118   0.673247
      0.68   0.523419   0.930147   0.669879
      0.69   0.519495   0.929914   0.666597
       0.7    0.51326   0.931294   0.661791
      0.71   0.505127   0.931398   0.655017
      0.72   0.500316   0.931294   0.650934
      0.73   0.492689    0.93202   0.644618
      0.74   0.489841   0.932241   0.642227
      0.75   0.484714   0.934947   0.638437
      0.76   0.482119   0.934722    0.63613
      0.77   0.474112    0.93779   0.629814
      0.78   0.472783   0.938313   0.628757
      0.79   0.467181   0.938819   0.623896
       0.8   0.464238   0.941474   0.621846
      0.81   0.460156   0.944699   0.618866
      0.82   0.455883   0.946794   0.615434
      0.83   0.452149   0.948817   0.612444
      0.84   0.448098   0.950696   0.609103
      0.85   0.440629   0.952421   0.602512
      0.86   0.435977   0.954026   0.598464
      0.87    0.43123   0.955134   0.594191
      0.88   0.426704   0.958333   0.590489
      0.89   0.423445   0.960744   0.587813
       0.9   0.420027   0.963549   0.585029
      0.91   0.415026   0.965318   0.580482
      0.92   0.413222   0.967435   0.579095
      0.93   0.408887   0.970285   0.575326
      0.94   0.405279   0.974992    0.57256
      0.95   0.399424   0.979968   0.567529
      0.96   0.395373   0.981348   0.563656
      0.97   0.389677    0.98495   0.558424
      0.98   0.386132   0.986771   0.555063
      0.99   0.380246   0.988268   0.549186
