         0          1   0.223412   0.365227
      0.01   0.963836   0.300399    0.45804
      0.02   0.963836   0.300382    0.45802
      0.03   0.963836   0.300421   0.458065
      0.04   0.963836   0.300985   0.458722
      0.05   0.963836   0.301606   0.459443
      0.06   0.963836   0.302823   0.460853
      0.07   0.963766   0.304306    0.46256
      0.08   0.963766    0.30618   0.464721
      0.09   0.963484   0.306987   0.465618
       0.1    0.96264   0.307812   0.466467
      0.11   0.961936   0.308942    0.46768
      0.12    0.96074   0.309917   0.468655
      0.13   0.957293   0.311478   0.470023
      0.14   0.955393   0.312823   0.471321
      0.15   0.950749   0.314531   0.472686
      0.16   0.947583   0.315502   0.473388
      0.17   0.941392      0.317    0.47429
      0.18   0.936607   0.318035   0.474835
      0.19    0.92929   0.318799   0.474737
       0.2   0.918666   0.319231   0.473814
      0.21   0.912052   0.321383   0.475287
      0.22   0.900584   0.321971   0.474355
      0.23   0.894181   0.323389   0.474992
      0.24   0.878421   0.324594   0.474026
      0.25   0.864701   0.325279   0.472729
      0.26   0.842468   0.326442   0.470553
      0.27    0.82903   0.327803   0.469832
      0.28   0.809822   0.329148   0.468056
      0.29   0.794695   0.330132    0.46648
       0.3   0.762682   0.329898   0.460574
      0.31   0.741575   0.332581   0.459214
      0.32   0.719693   0.332175   0.454552
      0.33   0.688806   0.332933   0.448894
      0.34   0.668684   0.334091   0.445566
      0.35   0.629635   0.332069   0.434817
      0.36   0.613593   0.333097    0.43179
      0.37   0.584113    0.33318   0.424324
      0.38   0.567368   0.331164   0.418219
      0.39   0.525223   0.330403   0.405633
       0.4   0.509041   0.329693   0.400192
      0.41   0.477521   0.323913   0.385996
      0.42   0.448885   0.319704   0.373439
      0.43   0.428059   0.317224     0.3644
      0.44   0.404841   0.312127   0.352489
      0.45   0.388447   0.308336   0.343786
      0.46   0.357701   0.301154   0.327001
      0.47    0.33195   0.295952   0.312919
      0.48   0.308028   0.287622   0.297475
      0.49   0.294941   0.285812   0.290305
       0.5   0.271653   0.277448    0.27452
      0.51   0.256807   0.276992   0.266518
      0.52    0.23964   0.273902   0.255628
      0.53   0.215929    0.26754    0.23898
      0.54   0.201857   0.264328   0.228907
      0.55   0.180539   0.257649   0.212309
      0.56   0.164216   0.254525   0.199632
      0.57   0.148033   0.251369   0.186334
      0.58   0.139731   0.254346   0.180371
      0.59   0.133892    0.26093   0.176973
       0.6   0.126785   0.256598   0.169715
      0.61   0.118483   0.254574   0.161706
      0.62   0.109618   0.253859   0.153118
      0.63    0.10814   0.256781   0.152188
      0.64   0.101667   0.256182   0.145566
      0.65  0.0963906   0.251821   0.139416
      0.66  0.0909027   0.257697   0.134397
      0.67  0.0887216   0.264128   0.132826
      0.68  0.0790122   0.256516   0.120812
      0.69  0.0740871   0.261834   0.115495
       0.7  0.0685288   0.263072   0.108733
      0.71  0.0674734   0.272566    0.10817
      0.72  0.0574122   0.269811  0.0946782
      0.73  0.0556533    0.27234  0.0924203
      0.74  0.0497432   0.268349  0.0839287
      0.75  0.0466474   0.271505   0.079616
      0.76  0.0455921   0.273239   0.078145
      0.77  0.0400338   0.268987  0.0696948
      0.78  0.0381341   0.268966  0.0667976
      0.79  0.0354605   0.272374  0.0627513
       0.8   0.034194   0.273859   0.060797
      0.81  0.0326462   0.278539  0.0584426
      0.82  0.0306761   0.282178  0.0553365
      0.83  0.0298318   0.287958  0.0540629
      0.84  0.0268064   0.266272  0.0487092
      0.85  0.0243439   0.275641  0.0447368
      0.86  0.0221628   0.277778  0.0410504
      0.87  0.0220925   0.295455  0.0411109
      0.88  0.0215999   0.304348  0.0403371
      0.89  0.0204039   0.308411  0.0382755
       0.9  0.0197003   0.340426  0.0372452
      0.91   0.016112   0.358025  0.0308363
      0.92  0.0144938   0.366197  0.0278839
      0.93  0.0143531   0.418182  0.0277535
      0.94  0.0143531   0.442308  0.0278039
      0.95  0.0143531   0.469388  0.0278544
      0.96  0.0137198   0.485714  0.0266859
      0.97   0.013157        0.5  0.0256393
      0.98   0.013157   0.576923  0.0257272
      0.99 0.00626187        0.5  0.0123688
