         0          1   0.176689   0.300316
      0.01   0.895784   0.164367   0.277766
      0.02   0.895784   0.164769    0.27834
      0.03   0.895784   0.165405   0.279247
      0.04   0.895784    0.16677   0.281191
      0.05   0.895784   0.167872   0.282756
      0.06   0.895701   0.169988   0.285747
      0.07   0.895701   0.171641   0.288078
      0.08   0.895291    0.17438   0.291905
      0.09   0.894797   0.176324   0.294597
       0.1    0.89077   0.179437   0.298703
      0.11   0.888551   0.182564   0.302895
      0.12   0.885921   0.184982   0.306059
      0.13   0.877702   0.189138   0.311213
      0.14   0.874332   0.192294   0.315254
      0.15   0.869236   0.197843   0.322324
      0.16    0.86562   0.202279   0.327928
      0.17   0.856908   0.208807    0.33579
      0.18   0.847456   0.212566    0.33988
      0.19    0.83784   0.219599   0.347989
       0.2   0.832498   0.224315   0.353405
      0.21   0.819841    0.23123   0.360722
      0.22   0.797814   0.237384   0.365897
      0.23   0.782527   0.240721   0.368181
      0.24    0.75902   0.248934    0.37491
      0.25   0.747678   0.256015   0.381425
      0.26   0.733459   0.264881   0.389204
      0.27   0.722446   0.272284   0.395506
      0.28   0.702145   0.283219   0.403629
      0.29   0.685625    0.28947   0.407074
       0.3   0.649215    0.29793   0.408429
      0.31   0.625955   0.307384   0.412302
      0.32   0.618394   0.316159   0.418405
      0.33   0.602696    0.32728   0.424205
      0.34   0.586176   0.331867   0.423798
      0.35   0.572614   0.342767   0.428834
      0.36   0.566368   0.350919   0.433341
      0.37   0.547629   0.359758   0.434244
      0.38   0.535629    0.36452   0.433812
      0.39   0.518862   0.370079    0.43202
       0.4   0.506863   0.377247   0.432554
      0.41   0.492069   0.387742    0.43372
      0.42    0.47111   0.393581    0.42887
      0.43   0.460344   0.399296   0.427652
      0.44   0.451138   0.413689   0.431603
      0.45   0.445138   0.420455   0.432445
      0.46   0.432153   0.431561   0.431857
      0.47   0.416619   0.438767   0.427406
      0.48   0.394838   0.449715   0.420494
      0.49   0.379387    0.45414   0.413411
       0.5   0.370428   0.469713   0.414204
      0.51   0.358182   0.481969   0.410956
      0.52   0.348319   0.490735   0.407441
      0.53   0.330073   0.502567   0.398453
      0.54   0.315361   0.512475   0.390451
      0.55   0.308786   0.534833   0.391525
      0.56   0.306403   0.544162   0.392052
      0.57    0.28265   0.551506    0.37375
      0.58   0.278458   0.563171   0.372657
      0.59   0.263828   0.580702   0.362819
       0.6   0.260787   0.593607   0.362374
      0.61   0.254212   0.609542    0.35879
      0.62   0.250021   0.637029   0.359101
      0.63   0.243281   0.646739   0.353564
      0.64   0.235884    0.66472   0.348204
      0.65   0.232843   0.671951   0.345845
      0.66   0.219857   0.678478   0.332099
      0.67   0.211802   0.688435   0.323942
      0.68   0.201775   0.693084   0.312557
      0.69    0.18805   0.696375   0.296132
       0.7   0.177612   0.695793   0.282987
      0.71   0.168735    0.70669   0.272424
      0.72   0.155667   0.706619   0.255129
      0.73   0.143585   0.710227   0.238877
      0.74    0.14153   0.717949   0.236449
      0.75   0.137585   0.724426   0.231251
      0.76   0.132079   0.723312   0.223369
      0.77   0.119257   0.728365   0.204956
      0.78   0.108901   0.719697   0.189177
      0.79   0.100189   0.720109   0.175904
       0.8  0.0947645     0.7151   0.167352
      0.81  0.0904907   0.711712   0.160566
      0.82  0.0874497   0.720257   0.155963
      0.83  0.0818608   0.722034    0.14705
      0.84   0.073724   0.755814   0.134344
      0.85   0.070272   0.777778   0.128898
      0.86   0.062875        0.8   0.116587
      0.87  0.0627106   0.827751   0.116588
      0.88  0.0609024    0.84492   0.113615
      0.89  0.0602449   0.869318   0.112681
       0.9  0.0569573   0.888889   0.107055
      0.91   0.056793   0.908497   0.106903
      0.92  0.0521082    0.93617  0.0987214
      0.93  0.0497247   0.968992  0.0945951
      0.94  0.0491493   0.983193  0.0936187
      0.95  0.0426564          1  0.0818225
      0.96  0.0410948          1  0.0789453
      0.97  0.0393688          1  0.0757552
      0.98  0.0381359          1    0.07347
      0.99  0.0363278          1  0.0701087
