         0          1   0.263807   0.417479
      0.01   0.966686   0.450437   0.614529
      0.02   0.966686   0.452712   0.616642
      0.03   0.966686   0.456523   0.620168
      0.04   0.966686   0.463615    0.62668
      0.05   0.966534   0.468821   0.631386
      0.06   0.966308   0.479084   0.640578
      0.07   0.965779     0.4852   0.645903
      0.08   0.965212   0.498847   0.657751
      0.09   0.964835   0.508528   0.666022
       0.1    0.96389   0.520369   0.675864
      0.11   0.960907   0.531492   0.684421
      0.12   0.959773   0.538026   0.689522
      0.13   0.955505   0.547777   0.696348
      0.14   0.950557   0.554921   0.700753
      0.15   0.940888   0.564044   0.705284
      0.16   0.932653   0.569785   0.707399
      0.17   0.924193   0.576476    0.71005
      0.18   0.914448   0.581645    0.71103
      0.19   0.897488   0.587809   0.710365
       0.2   0.887554   0.595831   0.713007
      0.21   0.863909     0.6058    0.71219
      0.22   0.849896   0.620939   0.717597
      0.23   0.832068    0.63119   0.717841
      0.24   0.818319     0.6438   0.720644
      0.25   0.807668   0.648539   0.719409
      0.26   0.784703    0.65803   0.715805
      0.27   0.772314   0.664945   0.714619
      0.28   0.756903   0.672367   0.712135
      0.29    0.74576    0.67585   0.709086
       0.3   0.732389   0.680508   0.705496
      0.31   0.713088   0.686734   0.699663
      0.32   0.693371   0.688348    0.69085
      0.33   0.669613   0.692978   0.681095
      0.34   0.650727    0.69817   0.673614
      0.35   0.634674   0.706504   0.668666
      0.36   0.618961   0.714364    0.66325
      0.37   0.595732   0.726148   0.654507
      0.38   0.580472   0.733886   0.648226
      0.39   0.557129   0.741302   0.636154
       0.4   0.540246   0.746164   0.626724
      0.41   0.522606   0.754294   0.617431
      0.42   0.495675   0.764099    0.60129
      0.43   0.487214   0.766968   0.595891
      0.44   0.464929   0.770286   0.579864
      0.45   0.451067   0.771313    0.56924
      0.46   0.425647    0.77665   0.549912
      0.47   0.410954   0.773263   0.536684
      0.48    0.39611   0.784169   0.526345
      0.49   0.386176    0.78551   0.517792
       0.5   0.359358   0.789474   0.493899
      0.51   0.329443   0.796336   0.466072
      0.52   0.321586   0.800885   0.458905
      0.53     0.3044   0.807193   0.442086
      0.54   0.290123   0.808236   0.426978
      0.55   0.268442   0.810581   0.403317
      0.56   0.260208   0.812668   0.394198
      0.57   0.234221   0.813739   0.363744
      0.58   0.229348   0.816401   0.358098
      0.59   0.215146   0.826748   0.341439
       0.6   0.210538   0.834116   0.336213
      0.61   0.196978   0.838343   0.319003
      0.62   0.190784   0.853866   0.311882
      0.63     0.1878   0.861232   0.308359
      0.64    0.18221   0.875226   0.301625
      0.65    0.17745   0.883225   0.295526
      0.66   0.175184   0.894231   0.292973
      0.67   0.172125   0.897233   0.288839
      0.68   0.169745   0.898083   0.285524
      0.69   0.167365   0.899796   0.282234
       0.7   0.163324   0.903361   0.276634
      0.71   0.161511   0.905218   0.274114
      0.72   0.160755    0.90625   0.273072
      0.73   0.159131   0.909989   0.270891
      0.74   0.157809   0.914063   0.269151
      0.75   0.153881   0.916092     0.2635
      0.76   0.153163   0.919674   0.262594
      0.77   0.147611   0.920673   0.254429
      0.78   0.146516   0.922046   0.252852
      0.79   0.143909    0.92803   0.249179
       0.8   0.142625   0.934211   0.247469
      0.81   0.135713    0.93733   0.237097
      0.82   0.135637   0.940608   0.237086
      0.83   0.135373   0.941341   0.236706
      0.84   0.129745   0.941595   0.228064
      0.85    0.12763   0.942113   0.224805
      0.86   0.127177   0.944282   0.224163
      0.87   0.125855   0.949025   0.222237
      0.88   0.125326   0.949848   0.221435
      0.89   0.124268   0.949231   0.219766
       0.9   0.122531   0.948598   0.217028
      0.91   0.122455   0.948438   0.216905
      0.92   0.122455   0.948113   0.216897
      0.93   0.122153   0.950558   0.216486
      0.94    0.12204   0.950161   0.216298
      0.95   0.121322   0.953871   0.215265
      0.96    0.12034   0.954622   0.213736
      0.97   0.117016   0.953846   0.208459
      0.98   0.116638   0.953043    0.20784
      0.99   0.114108   0.953819   0.203831
