         0          1   0.181029   0.306561
      0.01   0.785006   0.194365   0.311584
      0.02   0.784683   0.194652   0.311926
      0.03   0.784683   0.195112   0.312516
      0.04   0.784683   0.195747    0.31333
      0.05   0.784683   0.196513   0.314311
      0.06    0.78296   0.197903   0.315947
      0.07   0.780052   0.198703   0.316727
      0.08   0.778651   0.200975   0.319488
      0.09   0.778544   0.202565   0.321485
       0.1   0.775959   0.205288   0.324678
      0.11    0.77305   0.208338    0.32822
      0.12   0.771435   0.210494   0.330742
      0.13   0.766265   0.212674   0.332942
      0.14   0.762495    0.21447   0.334776
      0.15   0.758725   0.218571   0.339375
      0.16   0.755601   0.221882   0.343033
      0.17   0.752154    0.22648   0.348134
      0.18   0.747738   0.229802   0.351559
      0.19   0.732766   0.233767   0.354456
       0.2   0.724149   0.236598   0.356664
      0.21   0.716071   0.243292   0.363188
      0.22   0.700991   0.247139    0.36544
      0.23   0.684296   0.249298   0.365456
      0.24   0.672555   0.255041   0.369835
      0.25   0.664153   0.257943   0.371575
      0.26   0.646381   0.262039   0.372905
      0.27   0.641749   0.266152   0.376258
      0.28   0.620099   0.270845   0.377018
      0.29    0.60922   0.272446   0.376514
       0.3   0.601142   0.276823   0.379081
      0.31   0.593279   0.283039   0.383242
      0.32   0.584339   0.288382   0.386178
      0.33   0.578199   0.293725   0.389555
      0.34   0.570551   0.299425    0.39274
      0.35   0.563227   0.306547   0.397013
      0.36   0.559457   0.310133   0.399053
      0.37   0.549548   0.316974    0.40205
      0.38   0.545239   0.321625    0.40459
      0.39     0.5419   0.330125   0.410297
       0.4   0.536514   0.335268   0.412663
      0.41   0.530159   0.344068   0.417307
      0.42   0.520358   0.350629   0.418956
      0.43   0.514757   0.355711   0.420704
      0.44   0.505386   0.362921   0.422466
      0.45   0.501185   0.367778   0.424241
      0.46    0.49483   0.376543   0.427658
      0.47   0.489121   0.380089   0.427767
      0.48   0.480504   0.385965   0.428077
      0.49   0.476303   0.394242   0.431405
       0.5   0.467902   0.401012   0.431882
      0.51   0.460146   0.410886   0.434123
      0.52    0.45196   0.415464   0.432944
      0.53   0.447006   0.424613   0.435522
      0.54   0.444744   0.431009   0.437769
      0.55   0.441081   0.442712   0.441895
      0.56   0.436881    0.45216   0.444389
      0.57    0.43268   0.457514    0.44475
      0.58    0.43171   0.463362   0.446977
      0.59   0.425463   0.470852   0.447008
       0.6   0.425032   0.475207   0.448721
      0.61   0.419754   0.486874   0.450829
      0.62   0.415554   0.494565    0.45163
      0.63   0.411676    0.49924   0.451249
      0.64   0.408875   0.506303   0.452403
      0.65   0.407691   0.508593   0.452586
      0.66   0.405752   0.514444   0.453679
      0.67    0.40252   0.524083   0.455328
      0.68   0.399074   0.536571   0.457719
      0.69   0.395088   0.539506   0.456139
       0.7   0.391749   0.547893   0.456848
      0.71   0.387979   0.555774    0.45696
      0.72   0.386364   0.559254   0.457004
      0.73    0.38184   0.567867   0.456634
      0.74   0.376131   0.573153   0.454196
      0.75   0.372576   0.583764   0.454852
      0.76   0.370961    0.58579   0.454256
      0.77   0.364713   0.595896   0.452486
      0.78   0.360728   0.599676   0.450477
      0.79   0.353619   0.614539    0.44892
       0.8   0.346079   0.619377   0.444046
      0.81   0.342956   0.634877   0.445341
      0.82   0.337678   0.643396   0.442904
      0.83     0.3324   0.648885   0.439606
      0.84   0.325075   0.664293   0.436532
      0.85   0.323137   0.668416   0.435659
      0.86   0.316889   0.677704   0.431849
      0.87   0.313335   0.680272   0.429049
      0.88   0.308919   0.689205   0.426617
      0.89   0.306872   0.693803    0.42553
       0.9   0.295455   0.698433   0.415249
      0.91     0.2891   0.703146   0.409736
      0.92   0.277359   0.706799   0.398385
      0.93   0.269173   0.712593   0.390746
      0.94   0.264326   0.714067   0.385829
      0.95   0.246338   0.714744   0.366396
      0.96   0.239875   0.716194   0.359382
      0.97   0.224795    0.72028   0.342651
      0.98   0.221349   0.723827   0.339023
      0.99   0.216932   0.734226   0.334912
