         0          1   0.235879   0.381719
      0.01   0.953932   0.368834    0.53198
      0.02   0.953932   0.372244   0.535518
      0.03   0.953932   0.376621   0.540032
      0.04   0.952802   0.386334   0.549757
      0.05   0.950046   0.394387   0.557389
      0.06   0.946301   0.408369    0.57053
      0.07   0.944817   0.420686   0.582161
      0.08   0.940719   0.434314   0.594265
      0.09   0.934713   0.443564   0.601628
       0.1   0.923408   0.460848   0.614844
      0.11   0.905674   0.473489   0.621865
      0.12    0.89133   0.481623   0.625346
      0.13   0.869144   0.497426    0.63273
      0.14   0.850208   0.508236   0.636178
      0.15   0.818413   0.522724   0.637972
      0.16     0.8052   0.536266   0.643775
      0.17   0.780471   0.551943   0.646609
      0.18   0.764644   0.559589    0.64624
      0.19   0.733201   0.578375    0.64665
       0.2   0.718081   0.588939    0.64713
      0.21    0.69003   0.604559   0.644473
      0.22   0.672437   0.622977   0.646763
      0.23   0.653501   0.635644   0.644449
      0.24   0.637321   0.651644   0.644403
      0.25    0.62863   0.665707   0.646637
      0.26   0.617608    0.68911   0.651403
      0.27   0.607362   0.704093    0.65216
      0.28   0.598036   0.725763   0.655737
      0.29   0.589274   0.737892   0.655262
       0.3   0.571328   0.756651   0.651058
      0.31   0.558044   0.776037    0.64923
      0.32   0.546881   0.784314   0.644423
      0.33   0.535293   0.794397     0.6396
      0.34   0.530983   0.806518   0.640369
      0.35   0.521374   0.824918   0.638926
      0.36   0.513601   0.833902   0.635684
      0.37   0.495443    0.85601   0.627627
      0.38   0.486964   0.869236   0.624224
      0.39   0.473186    0.88247   0.616045
       0.4   0.466474   0.885402   0.611028
      0.41   0.453685   0.895382   0.602226
      0.42   0.434819   0.905416   0.587497
      0.43    0.42952   0.909446   0.583473
      0.44   0.412775   0.912151   0.568353
      0.45   0.401116   0.916596    0.55803
      0.46   0.394263   0.924017   0.552698
      0.47   0.387621   0.929464   0.547087
      0.48   0.378294   0.933884   0.538468
      0.49   0.368968    0.93416   0.528996
       0.5   0.358511   0.938431   0.518817
      0.51   0.343107   0.942708   0.503105
      0.52   0.335335   0.945887   0.495135
      0.53   0.314845   0.945476   0.472385
      0.54   0.303328   0.948749   0.459687
      0.55     0.2863   0.959799   0.441041
      0.56   0.278457   0.966538   0.432354
      0.57   0.265809     0.9747   0.417707
      0.58   0.258178    0.97541   0.408288
      0.59   0.249346   0.981716   0.397685
       0.6   0.246379   0.987013   0.394326
      0.61   0.240726   0.991111   0.387367
      0.62   0.237617          1   0.383992
      0.63   0.231965          1   0.376577
      0.64   0.217763          1   0.357644
      0.65   0.212252          1   0.350178
      0.66   0.200523          1   0.334059
      0.67   0.198191          1   0.330817
      0.68   0.190631          1   0.320218
      0.69    0.18512          1   0.312407
       0.7   0.176429          1    0.29994
      0.71   0.165689          1   0.284277
      0.72   0.163499          1   0.281047
      0.73   0.156857          1   0.271178
      0.74   0.150569          1   0.261729
      0.75   0.142373          1   0.249258
      0.76   0.140324          1   0.246112
      0.77   0.138769          1   0.243718
      0.78   0.132905          1   0.234626
      0.79   0.130573          1   0.230986
       0.8   0.128312          1   0.227441
      0.81   0.124355          1   0.221203
      0.82   0.119197          1   0.213005
      0.83   0.115099          1   0.206438
      0.84   0.101463          1   0.184232
      0.85  0.0977885          1   0.178155
      0.86  0.0941143          1   0.172037
      0.87  0.0860595          1    0.15848
      0.88  0.0831626          1   0.153555
      0.89   0.082456          1    0.15235
       0.9  0.0809016          1   0.149693
      0.91  0.0797004          1   0.147634
      0.92  0.0792058          1   0.146785
      0.93  0.0787112          1   0.145936
      0.94  0.0780047          1    0.14472
      0.95  0.0776514          1   0.144112
      0.96  0.0752491          1   0.139966
      0.97  0.0745425          1   0.138743
      0.98     0.0732          1   0.136415
      0.99   0.071151          1    0.13285
