         0          1   0.265439    0.41952
      0.01   0.894764   0.332601    0.48494
      0.02   0.894764   0.332723    0.48507
      0.03   0.894724   0.332966   0.485323
      0.04   0.894684   0.334018   0.486433
      0.05   0.894684   0.335419   0.487917
      0.06   0.893686   0.337171   0.489619
      0.07   0.892927   0.338653   0.491064
      0.08   0.892528   0.340837   0.493295
      0.09    0.89073   0.343567    0.49587
       0.1   0.889852   0.347662   0.499982
      0.11   0.888135    0.35181   0.503982
      0.12   0.887855   0.354864   0.507062
      0.13   0.880706   0.360866   0.511959
      0.14   0.879827   0.365108   0.516062
      0.15   0.875315   0.371133   0.521254
      0.16   0.874755   0.375627    0.52557
      0.17   0.868325   0.381788   0.530378
      0.18   0.863812   0.387969   0.535449
      0.19   0.853229   0.395529     0.5405
       0.2   0.845641   0.399463   0.542609
      0.21   0.841048   0.407753   0.549231
      0.22   0.830385   0.416833   0.555046
      0.23   0.827948   0.422461   0.559458
      0.24   0.816766   0.431415   0.564606
      0.25   0.812532   0.437191   0.568497
      0.26   0.808299   0.443849   0.573035
      0.27   0.800711    0.44722     0.5739
      0.28   0.785814   0.452758   0.574506
      0.29   0.775111    0.45645   0.574555
       0.3   0.768641   0.465279   0.579669
      0.31   0.759895   0.472004    0.58231
      0.32   0.750509   0.477796   0.583878
      0.33   0.735972   0.486637    0.58588
      0.34   0.727865   0.490835     0.5863
      0.35   0.718639    0.49905   0.589045
      0.36   0.714166   0.506057   0.592365
      0.37   0.699629   0.514068   0.592663
      0.38   0.693518   0.518852   0.593603
      0.39    0.67283   0.525339   0.590007
       0.4   0.663964    0.53135     0.5903
      0.41   0.654299    0.53883   0.590977
      0.42   0.643516   0.544044   0.589614
      0.43   0.638324   0.549301   0.590476
      0.44   0.629139   0.555647   0.590113
      0.45   0.623108   0.560654   0.590234
      0.46   0.613483   0.566526    0.58907
      0.47   0.605775   0.569583   0.587122
      0.48   0.597148   0.572272   0.584446
      0.49   0.586245   0.573132   0.579615
       0.5   0.575542    0.57284   0.574188
      0.51   0.559327   0.575317    0.56721
      0.52   0.550102   0.573993   0.561794
      0.53    0.53181   0.575775    0.55292
      0.54   0.522106   0.576957   0.548162
      0.55    0.50018   0.578173   0.536356
      0.56   0.490794   0.581132   0.532157
      0.57   0.474699   0.581418   0.522667
      0.58   0.470027   0.585985   0.521639
      0.59   0.455569   0.589317   0.513883
       0.6   0.444986   0.589207    0.50704
      0.61   0.427733   0.592807   0.496919
      0.62   0.418108   0.593991   0.490767
      0.63   0.404489   0.594435   0.481403
      0.64   0.388833   0.593377   0.469807
      0.65   0.374735   0.592389    0.45907
      0.66   0.363593   0.595969   0.451644
      0.67   0.358161   0.600296   0.448643
      0.68   0.349734        0.6   0.441893
      0.69   0.342825   0.597548   0.435688
       0.7    0.33332   0.593872   0.426987
      0.71   0.323495   0.589224   0.417678
      0.72   0.311394   0.582729   0.405891
      0.73   0.289908   0.574264   0.385302
      0.74   0.278685    0.57039   0.374429
      0.75    0.26307    0.56609    0.35921
      0.76   0.255521   0.566334   0.352155
      0.77   0.246655   0.560448   0.342552
      0.78   0.240425    0.55796   0.336047
      0.79   0.228044   0.552999   0.322923
       0.8   0.221375   0.556404   0.316732
      0.81   0.209234   0.555655   0.303996
      0.82   0.199768   0.550711   0.293185
      0.83   0.193618   0.552093   0.286693
      0.84   0.189185   0.560496   0.282887
      0.85   0.181237   0.559395   0.273775
      0.86   0.173689   0.554907   0.264567
      0.87    0.15999   0.549693   0.247845
      0.88   0.144255   0.546419   0.228251
      0.89    0.13467   0.538036    0.21542
       0.9   0.126762   0.541728    0.20545
      0.91   0.118495   0.541085   0.194414
      0.92   0.114222   0.546774   0.188968
      0.93    0.10891   0.547782   0.181695
      0.94   0.107552   0.553191   0.180091
      0.95  0.0984864   0.554128   0.167247
      0.96  0.0932146   0.553875   0.159574
      0.97  0.0881026   0.553106   0.151994
      0.98  0.0863852   0.549587   0.149303
      0.99  0.0849475   0.552688   0.147261
