         0          1    0.32957   0.495755
      0.01   0.940133   0.428046   0.588257
      0.02   0.940133   0.428628   0.588806
      0.03   0.940133   0.429755   0.589869
      0.04   0.940133   0.433022   0.592939
      0.05    0.93975   0.435754   0.595418
      0.06   0.939112   0.440532   0.599733
      0.07   0.938473   0.444613   0.603371
      0.08   0.937622   0.451748   0.609728
      0.09   0.937495   0.457493   0.614912
       0.1   0.935665    0.46861   0.624468
      0.11    0.93375   0.481999     0.6358
      0.12   0.932729   0.492132    0.64431
      0.13    0.92924   0.508718    0.65749
      0.14   0.925751   0.519306   0.665369
      0.15   0.920347   0.535239   0.676848
      0.16   0.917496   0.545905   0.684523
      0.17   0.912944   0.564258   0.697448
      0.18   0.910518   0.576053    0.70566
      0.19   0.904349   0.595434   0.718077
       0.2   0.898094    0.60647    0.72402
      0.21   0.887073   0.622535   0.731626
      0.22   0.883159   0.639655   0.741938
      0.23   0.878053   0.653327   0.749201
      0.24   0.869118   0.668094   0.755462
      0.25   0.862948   0.678204   0.759503
      0.26   0.856055   0.690882    0.76465
      0.27   0.847928   0.697247    0.76524
      0.28   0.835418   0.708078   0.766495
      0.29   0.826525   0.712353   0.765204
       0.3   0.809889   0.721244      0.763
      0.31   0.797634   0.727712    0.76107
      0.32   0.784401   0.731492   0.757023
      0.33   0.758659   0.740039   0.749233
      0.34   0.747596   0.743264   0.745424
      0.35    0.73564   0.748686   0.742105
      0.36   0.727257   0.753143   0.739974
      0.37   0.710535   0.758328   0.733654
      0.38   0.695132   0.761168   0.726653
      0.39   0.681389   0.768324    0.72225
       0.4   0.671049   0.773511   0.718647
      0.41   0.659731   0.780464   0.715037
      0.42   0.644456   0.786593   0.708465
      0.43   0.636201   0.791311   0.705329
      0.44   0.628074    0.79544   0.701918
      0.45   0.619692   0.798498   0.697823
      0.46   0.606629    0.80459   0.691725
      0.47   0.601225   0.807622   0.689305
      0.48   0.587142   0.812338   0.681621
      0.49   0.582844   0.815021   0.679651
       0.5   0.577398   0.817437   0.676763
      0.51   0.571866   0.820953   0.674137
      0.52   0.567186   0.824796   0.672153
      0.53   0.556804   0.826692   0.665423
      0.54   0.546294   0.830542   0.659076
      0.55   0.535954    0.83343   0.652381
      0.56   0.526891   0.835645   0.646286
      0.57    0.51753   0.840654   0.640655
      0.58   0.511744   0.840853   0.636259
      0.59   0.501532   0.846252   0.629808
       0.6   0.488895   0.846634   0.619852
      0.61   0.468981   0.846336   0.603529
      0.62   0.453791   0.846878   0.590936
      0.63   0.446217   0.848097   0.584766
      0.64    0.43541   0.849391   0.575705
      0.65   0.424645   0.852329   0.566867
      0.66   0.412007   0.850078   0.555016
      0.67   0.402179   0.849657   0.545941
      0.68   0.381797   0.847436   0.526424
      0.69   0.372649   0.847668   0.517706
       0.7   0.364139   0.847526    0.50941
      0.71   0.352438   0.846404   0.497655
      0.72   0.347162   0.847578   0.492571
      0.73     0.3261   0.846268   0.470787
      0.74   0.321675    0.84662   0.466212
      0.75   0.312314   0.850262   0.456828
      0.76   0.305591   0.852169    0.44986
      0.77   0.300996   0.855796   0.445354
      0.78   0.292401   0.856487   0.435965
      0.79   0.274232   0.858513   0.415684
       0.8   0.267722   0.858555   0.408166
      0.81   0.257297   0.864516   0.396568
      0.82   0.252489   0.869071   0.391296
      0.83   0.248107   0.867214   0.385829
      0.84   0.240363   0.870555   0.376713
      0.85   0.237044   0.875274   0.373056
      0.86   0.233512   0.874625    0.36861
      0.87   0.227683   0.874712   0.361317
      0.88   0.221683   0.877502   0.353949
      0.89   0.217684    0.88023   0.349047
       0.9   0.210833   0.880993   0.340242
      0.91   0.207174   0.891266   0.336199
      0.92   0.203642   0.895317   0.331813
      0.93   0.195771   0.900866   0.321644
      0.94   0.194366   0.907921   0.320188
      0.95   0.187218    0.91134   0.310624
      0.96   0.181857   0.910243   0.303148
      0.97   0.178368   0.912759    0.29842
      0.98   0.174794   0.911864   0.293355
      0.99   0.166624   0.911661   0.281752
