         0          1   0.256164   0.407851
      0.01   0.973418   0.467673   0.631801
      0.02   0.973418   0.468903   0.632923
      0.03   0.973418   0.469864   0.633797
      0.04   0.973418   0.471641   0.635412
      0.05   0.973418   0.473597   0.637184
      0.06   0.973302   0.475268   0.638671
      0.07   0.973128   0.477561     0.6407
      0.08   0.972432   0.482506   0.644982
      0.09   0.972374    0.48567    0.64779
       0.1   0.970226   0.492699   0.653525
      0.11   0.967963    0.50176    0.66092
      0.12   0.967789   0.508239   0.666475
      0.13   0.966802   0.519766   0.676069
      0.14   0.965757   0.527452   0.682276
      0.15   0.963088   0.536529   0.689142
      0.16   0.961056    0.54141   0.692628
      0.17   0.955717   0.550711   0.698771
      0.18   0.952757   0.556694   0.702764
      0.19   0.947301   0.563546   0.706687
       0.2   0.945618   0.565998    0.70814
      0.21   0.940975   0.572644   0.711994
      0.22   0.931689   0.580255   0.715129
      0.23   0.921474   0.583864    0.71481
      0.24   0.898897   0.589454   0.712008
      0.25   0.894835   0.597222   0.716347
      0.26   0.881486   0.606688   0.718716
      0.27    0.87574   0.614527   0.722241
      0.28   0.866048   0.623185   0.724813
      0.29   0.860476   0.628408   0.726356
       0.3   0.848114   0.634126   0.725673
      0.31   0.831805   0.639661   0.723188
      0.32   0.821938   0.645137   0.722884
      0.33   0.810911   0.653257   0.723596
      0.34   0.801277   0.656926   0.721957
      0.35   0.790772   0.663077   0.721317
      0.36   0.783923   0.667388   0.720977
      0.37   0.772374   0.671862    0.71862
      0.38   0.766744   0.673989   0.717381
      0.39   0.760418   0.676523   0.716021
       0.4   0.757052   0.679218   0.716026
      0.41   0.748578   0.686355   0.716118
      0.42   0.740801   0.689615   0.714292
      0.43   0.732095   0.690053   0.710453
      0.44   0.724376   0.693742   0.708728
      0.45   0.716657   0.694967   0.705645
      0.46    0.70679   0.700127   0.703443
      0.47   0.699884   0.702557   0.701218
      0.48   0.688973   0.706965   0.697853
      0.49   0.682995   0.711669   0.697037
       0.5   0.673941   0.716041   0.694353
      0.51   0.664481   0.719018   0.690674
      0.52   0.651306   0.721117   0.684436
      0.53   0.644689   0.724051    0.68207
      0.54   0.636216   0.724351   0.677429
      0.55   0.623564   0.725152   0.670532
      0.56   0.611317   0.723248   0.662589
      0.57   0.590017   0.724403    0.65034
      0.58   0.565177   0.723317   0.634542
      0.59   0.537086   0.725062   0.617076
       0.6    0.51538   0.725863   0.602775
      0.61   0.498491    0.72766   0.591659
      0.62   0.477771   0.733673   0.578694
      0.63   0.465699   0.739481   0.571493
      0.64   0.452118   0.744287   0.562528
      0.65   0.444631   0.747318   0.557542
      0.66    0.43668   0.751427   0.552363
      0.67   0.430818   0.754079   0.548353
      0.68    0.41863   0.754898   0.538586
      0.69   0.415032   0.756922   0.536108
       0.7   0.410099   0.759966   0.532725
      0.71   0.397795   0.760533   0.522367
      0.72   0.387696   0.760927   0.513673
      0.73   0.380093   0.761114   0.506997
      0.74   0.376436   0.761753   0.503873
      0.75   0.371097   0.759458   0.498574
      0.76    0.36657    0.75641   0.493824
      0.77   0.358328     0.7579   0.486598
      0.78    0.35682   0.757516   0.485126
      0.79   0.351886   0.757484    0.48054
       0.8   0.349565   0.758479   0.478569
      0.81    0.34614   0.759936   0.475636
      0.82   0.338654   0.761568   0.468829
      0.83   0.333488    0.75929   0.463432
      0.84   0.326291   0.759566   0.456487
      0.85   0.322171   0.760933   0.452681
      0.86    0.31213   0.760436   0.442593
      0.87   0.307661   0.761934   0.438329
      0.88   0.299536   0.764103   0.430364
      0.89   0.295763   0.767916   0.427048
       0.9   0.289553    0.77058   0.420936
      0.91   0.284039   0.776316   0.415907
      0.92   0.277713   0.781429    0.40979
      0.93   0.274057   0.789011   0.406811
      0.94   0.271967   0.794052   0.405164
      0.95    0.26715   0.802621   0.400872
      0.96   0.264306   0.810047   0.398567
      0.97   0.253627   0.818182   0.387221
      0.98   0.251596   0.823723   0.385459
      0.99   0.250261   0.828427   0.384399
