         0          1   0.382258   0.553092
      0.01   0.885787   0.532961   0.665502
      0.02   0.885787   0.532965   0.665505
      0.03   0.885787   0.533103   0.665613
      0.04   0.885787   0.533379   0.665828
      0.05   0.885787   0.533656   0.666044
      0.06   0.885787   0.533976   0.666293
      0.07   0.885787   0.533918   0.666248
      0.08   0.885608   0.534254   0.666458
      0.09   0.885393   0.534405   0.666515
       0.1    0.88457   0.534636   0.666461
      0.11   0.883281   0.534404   0.665915
      0.12   0.881993   0.534009   0.665243
      0.13   0.879881   0.533929   0.664578
      0.14   0.877805   0.533902   0.663965
      0.15   0.871935   0.533214   0.661749
      0.16   0.867819   0.533387   0.660693
      0.17   0.859229    0.53307   0.657947
      0.18   0.855865   0.533676   0.657418
      0.19   0.850317   0.535372   0.657053
       0.2   0.847131   0.536628   0.657043
      0.21   0.842013   0.537802   0.656372
      0.22   0.837002   0.539844   0.656356
      0.23   0.833602   0.541793   0.656742
      0.24   0.827123   0.544208   0.656482
      0.25   0.820251   0.545871   0.655507
      0.26   0.812055   0.547755   0.654219
      0.27   0.807151   0.549425   0.653807
      0.28   0.797881   0.552153   0.652654
      0.29   0.792906   0.553374   0.651831
       0.3   0.782813   0.554928    0.64946
      0.31   0.773435   0.556983   0.647601
      0.32   0.766348   0.557265   0.645293
      0.33   0.754286   0.558773   0.641974
      0.34   0.741759   0.559143   0.637633
      0.35   0.725366   0.558733   0.631238
      0.36   0.714593   0.558994   0.627288
      0.37   0.700598   0.561035   0.623097
      0.38   0.695623   0.562482   0.622007
      0.39   0.687677   0.565813   0.620821
       0.4   0.684348   0.567354   0.620384
      0.41   0.677476   0.571488   0.619985
      0.42   0.669816   0.576269   0.619531
      0.43   0.666631   0.578655   0.619535
      0.44   0.661083   0.582352   0.619225
      0.45   0.655678   0.585901   0.618829
      0.46   0.650274     0.5888   0.618012
      0.47   0.644726   0.591018   0.616705
      0.48   0.635492   0.595104   0.614635
      0.49   0.625899   0.597244   0.611236
       0.5   0.620065   0.600704   0.610231
      0.51   0.611153    0.60582   0.608475
      0.52   0.604424   0.609738   0.607069
      0.53   0.598697   0.612907   0.605719
      0.54   0.595762   0.615047   0.605251
      0.55   0.590465    0.62044   0.605081
      0.56   0.585812   0.622649   0.603669
      0.57     0.5803   0.629478   0.603889
      0.58   0.577472   0.633666   0.604266
      0.59   0.570815    0.63896   0.602968
       0.6   0.566806   0.643972    0.60293
      0.61   0.559684   0.647783   0.600519
      0.62    0.55163   0.651935   0.597603
      0.63   0.546011   0.653978   0.595137
      0.64     0.5376    0.65624   0.591025
      0.65    0.53173   0.658735   0.588458
      0.66   0.524643   0.662135   0.585425
      0.67   0.518845   0.666153   0.583343
      0.68    0.51072   0.670586   0.579836
      0.69   0.507248   0.673929   0.578828
       0.7    0.50077   0.679758   0.576695
      0.71   0.494434    0.68679    0.57495
      0.72   0.492108   0.690664    0.57472
      0.73   0.485808   0.696783   0.572477
      0.74   0.482193   0.698761    0.57062
      0.75   0.477433   0.702177   0.568395
      0.76   0.471384   0.706095   0.565347
      0.77   0.464047   0.708955   0.560934
      0.78   0.458248   0.712298   0.557704
      0.79   0.447117   0.716338   0.550579
       0.8   0.442714   0.720672   0.548488
      0.81   0.437274   0.732156   0.547537
      0.82   0.433194     0.7389    0.54618
      0.83   0.423351   0.741486   0.538975
      0.84   0.416371   0.748002    0.53496
      0.85   0.410144     0.7543   0.531363
      0.86   0.405598   0.760686   0.529087
      0.87   0.402269   0.764655   0.527193
      0.88   0.397867    0.77021   0.524693
      0.89   0.395075   0.773386   0.522988
       0.9    0.38942   0.779894    0.51946
      0.91   0.384946   0.785164   0.516611
      0.92   0.381975   0.786462   0.514206
      0.93    0.37589   0.789349   0.509266
      0.94   0.372848   0.791696   0.506949
      0.95   0.367157   0.793091   0.501943
      0.96   0.363184   0.793691   0.498335
      0.97   0.357386   0.798044   0.493686
      0.98   0.352983   0.799076   0.489663
      0.99   0.342961   0.807754   0.481489
