         0          1   0.173626   0.295879
      0.01    0.92045   0.534263   0.676096
      0.02   0.919577   0.536293   0.677482
      0.03   0.918898   0.543541   0.683049
      0.04   0.915697   0.564191   0.698199
      0.05   0.912592   0.590211   0.716823
      0.06    0.89901   0.641609   0.748807
      0.07   0.881936   0.686119   0.771801
      0.08   0.854579   0.734284   0.789878
      0.09   0.834594   0.758285   0.794612
       0.1   0.809274   0.791822   0.800453
      0.11   0.785506   0.811776   0.798425
      0.12   0.769402   0.826282   0.796828
      0.13   0.756694   0.836211   0.794468
      0.14   0.750097   0.845232   0.794828
      0.15   0.742142   0.854638   0.794427
      0.16   0.735254   0.857553   0.791708
      0.17   0.731665   0.861305    0.79121
      0.18   0.731568   0.863877   0.792236
      0.19   0.730695   0.866109    0.79266
       0.2   0.729919   0.868278   0.793109
      0.21   0.726523     0.8686   0.791234
      0.22   0.721284   0.872796    0.78984
      0.23   0.717598   0.872693   0.787582
      0.24   0.716725   0.876448    0.78858
      0.25   0.714785   0.879479   0.788625
      0.26   0.714203   0.881423    0.78905
      0.27   0.708964   0.884077   0.786896
      0.28   0.708479   0.890095    0.78897
      0.29    0.70683    0.89217   0.788759
       0.3   0.699554   0.899652   0.787084
      0.31   0.697128    0.90948    0.78927
      0.32    0.69577   0.913545   0.789923
      0.33   0.692666   0.919296    0.79005
      0.34   0.687427   0.922846   0.787928
      0.35   0.686748   0.927702   0.789244
      0.36   0.685584   0.929339   0.789066
      0.37   0.684226   0.936371   0.790683
      0.38   0.682868   0.937202   0.790071
      0.39   0.676465    0.94295   0.787782
       0.4    0.67501   0.946281   0.787951
      0.41   0.670062   0.946791   0.784745
      0.42   0.665988    0.94987   0.782992
      0.43   0.659779   0.950791   0.778994
      0.44   0.654928   0.953571   0.776526
      0.45    0.64969   0.955455   0.773449
      0.46   0.644354   0.958333   0.770588
      0.47   0.638436   0.957905   0.766203
      0.48   0.629608   0.959048    0.76017
      0.49   0.625631   0.960501   0.757716
       0.5   0.618258   0.964602   0.753538
      0.51   0.614474   0.968969    0.75204
      0.52   0.609624   0.969605   0.748586
      0.53   0.598758   0.975941   0.742177
      0.54   0.596818   0.979852   0.741808
      0.55   0.583236   0.983696   0.732293
      0.56   0.573729   0.987832   0.725874
      0.57    0.57208   0.991011   0.725406
      0.58   0.563446   0.992045   0.718698
      0.59   0.562185   0.993111    0.71795
       0.6   0.554715   0.993031   0.711808
      0.61   0.548021   0.992925   0.706246
      0.62   0.543655   0.992832   0.702587
      0.63    0.54026   0.993969   0.700028
      0.64   0.528231   0.993902   0.689834
      0.65   0.527163    0.99388   0.688918
      0.66   0.524932   0.995068   0.687294
      0.67   0.523671    0.99505   0.686207
      0.68   0.517947   0.995006   0.681264
      0.69   0.516007   0.996236   0.679871
       0.7   0.505821   0.996169   0.670954
      0.71   0.503686   0.996144   0.669068
      0.72   0.503104   0.996114   0.668547
      0.73   0.498351   0.997361   0.664614
      0.74   0.494761   0.998665   0.661701
      0.75   0.487485   0.998645   0.655158
      0.76   0.486224   0.998638   0.654016
      0.77    0.47565   0.998621   0.644378
      0.78   0.468568          1   0.638129
      0.79   0.463135          1   0.633073
       0.8   0.455471          1   0.625875
      0.81   0.446449          1   0.617304
      0.82   0.432771          1   0.604103
      0.83   0.423069          1   0.594587
      0.84   0.415503          1   0.587074
      0.85   0.412204          1   0.583774
      0.86   0.406868          1   0.578403
      0.87   0.397943          1   0.569327
      0.88   0.378929          1   0.549599
      0.89   0.372623          1   0.542936
       0.9   0.356519          1   0.525638
      0.91   0.332363          1   0.498908
      0.92   0.321983          1   0.487121
      0.93    0.30326          1   0.465386
      0.94    0.29676          1   0.457694
      0.95   0.283663          1   0.441959
      0.96   0.271149          1    0.42662
      0.97   0.242336          1    0.39013
      0.98   0.220508          1   0.361339
      0.99   0.204501          1   0.339562
