         0          1   0.331079    0.49746
      0.01   0.925929   0.289357   0.440923
      0.02   0.925929   0.289468   0.441052
      0.03   0.925929   0.289718   0.441342
      0.04   0.925929   0.289806   0.441444
      0.05   0.925929   0.289892   0.441545
      0.06   0.925929   0.290365   0.442092
      0.07   0.925929   0.290716     0.4425
      0.08   0.925639   0.291383   0.443238
      0.09   0.925639   0.292084   0.444049
       0.1   0.925514    0.29336   0.445508
      0.11   0.925182   0.294339   0.446597
      0.12   0.925182   0.295359    0.44777
      0.13   0.924975   0.296842   0.449447
      0.14   0.924768   0.297617   0.450311
      0.15   0.924768   0.299365   0.452309
      0.16   0.924726   0.300507   0.453606
      0.17   0.924187   0.301865   0.455086
      0.18   0.924146   0.303213   0.456611
      0.19   0.923399   0.305095    0.45865
       0.2   0.922736   0.306895   0.460598
      0.21   0.921616   0.308798   0.462597
      0.22   0.920952   0.310653   0.464592
      0.23   0.920496    0.31217   0.466228
      0.24   0.919293   0.315393   0.469656
      0.25   0.918256   0.316834   0.471115
      0.26   0.916141   0.319621   0.473906
      0.27   0.912492   0.321727   0.475723
      0.28    0.91046   0.324726   0.478714
      0.29   0.908676   0.326632   0.480533
       0.3    0.90457   0.329552   0.483101
      0.31   0.901087   0.333077   0.486372
      0.32   0.899718   0.334838   0.488045
      0.33   0.894409   0.338842   0.491487
      0.34   0.891672   0.341291   0.493639
      0.35   0.886322   0.344778   0.496441
      0.36   0.882838   0.347433   0.498633
      0.37   0.874959   0.350928    0.50094
      0.38   0.870936    0.35339   0.502775
      0.39   0.865834   0.356805   0.505356
       0.4   0.862765   0.359522   0.507546
      0.41   0.856669   0.362541   0.509474
      0.42   0.846466   0.366173   0.511204
      0.43   0.841987    0.36897   0.513095
      0.44   0.836347   0.373737   0.516615
      0.45   0.827555   0.375254   0.516364
      0.46   0.819053   0.379204     0.5184
      0.47   0.811505   0.381776   0.519263
      0.48   0.798607   0.385085   0.519614
      0.49   0.791763   0.387434   0.520279
       0.5   0.781188   0.392089   0.522119
      0.51   0.771276   0.395757     0.5231
      0.52   0.767004   0.398786   0.524744
      0.53   0.752862   0.402858   0.524862
      0.54   0.747512   0.405862   0.526086
      0.55   0.741332   0.410567    0.52846
      0.56   0.732084   0.413711   0.528665
      0.57   0.721384   0.419296   0.530339
      0.58   0.716241   0.423385   0.532184
      0.59   0.703716   0.429902   0.533741
       0.6   0.698698   0.435215   0.536344
      0.61     0.6875   0.440144   0.536693
      0.62   0.672155   0.442722    0.53383
      0.63   0.662699   0.444643   0.532202
      0.64    0.65117   0.450623   0.532645
      0.65   0.640304   0.454492    0.53163
      0.66   0.624585   0.461113   0.530542
      0.67   0.618862   0.465825   0.531547
      0.68   0.609199   0.470404    0.53088
      0.69   0.600489   0.473096   0.529235
       0.7   0.587259     0.4792   0.527755
      0.71   0.574444   0.486362   0.526746
      0.72   0.568762   0.489668    0.52626
      0.73   0.555864   0.495444   0.523918
      0.74   0.544915   0.498876   0.520881
      0.75   0.532681   0.502998   0.517414
      0.76   0.524635   0.508306   0.516341
      0.77   0.507755   0.513438   0.510581
      0.78   0.496309    0.51977   0.507769
      0.79    0.48424   0.527868   0.505114
       0.8   0.475904   0.531548   0.502189
      0.81   0.466739   0.540059   0.500729
      0.82   0.456453   0.548305   0.498181
      0.83   0.448698   0.553681   0.495692
      0.84   0.435178   0.558154   0.489053
      0.85   0.427464   0.564931   0.486676
      0.86   0.420372   0.572037   0.484615
      0.87   0.415312   0.575951   0.482615
      0.88   0.398971   0.582418   0.473549
      0.89   0.395239   0.586759   0.472323
       0.9   0.381802    0.59272   0.464436
      0.91   0.370687   0.598229    0.45774
      0.92   0.367327   0.603513   0.456691
      0.93   0.360028   0.616681   0.454634
      0.94   0.349909   0.621164   0.447651
      0.95   0.340453   0.627053   0.441304
      0.96   0.329794   0.631263   0.433246
      0.97   0.316233   0.636076   0.422443
      0.98   0.310758   0.637207   0.417773
      0.99   0.297072   0.638713   0.405529
