         0          1   0.339259   0.506637
      0.01    0.98419   0.755321   0.854699
      0.02    0.98392   0.757219   0.855811
      0.03    0.98218   0.761729    0.85802
      0.04      0.977   0.775338   0.864565
      0.05   0.971202   0.786546   0.869175
      0.06   0.959644   0.805026   0.875562
      0.07   0.952648   0.817797   0.880087
      0.08   0.937225   0.830672   0.880737
      0.09   0.922072    0.83677   0.877352
       0.1   0.908349   0.847004   0.876605
      0.11   0.888365   0.851776   0.869686
      0.12   0.877696   0.855169   0.866286
      0.13   0.864051   0.858205   0.861118
      0.14    0.85145   0.861256   0.856325
      0.15   0.837611      0.865   0.851085
      0.16   0.828489   0.867158   0.847382
      0.17   0.819018   0.870612   0.844027
      0.18   0.812215   0.873679   0.841827
      0.19   0.798531   0.875886   0.835422
       0.2   0.788674   0.878803   0.831303
      0.21   0.773096   0.888512   0.826796
      0.22   0.763858   0.895981   0.824661
      0.23   0.752725   0.899232   0.819482
      0.24   0.740472   0.905645   0.814772
      0.25   0.729223   0.908824   0.809178
      0.26   0.706455   0.912146   0.796231
      0.27   0.698299   0.915522   0.792291
      0.28   0.686355   0.919605   0.786041
      0.29    0.67816   0.922128   0.781547
       0.3   0.664399   0.926363   0.773811
      0.31   0.653073   0.931421   0.767798
      0.32    0.64484   0.934695   0.763172
      0.33   0.633939   0.938423     0.7567
      0.34   0.623657   0.941042    0.75016
      0.35   0.614998   0.943536   0.744639
      0.36   0.607422   0.946004   0.739814
      0.37   0.594318   0.945062   0.729732
      0.38   0.582799    0.94651   0.721404
      0.39   0.566602    0.94658   0.708883
       0.4   0.553073   0.946573   0.698197
      0.41   0.534789   0.946657    0.68347
      0.42   0.514032   0.945669   0.666032
      0.43   0.502049   0.944313   0.655564
      0.44   0.473483    0.94311   0.630451
      0.45    0.45891   0.942832   0.617339
      0.46   0.431388   0.940163    0.59141
      0.47   0.414496    0.94005   0.575317
      0.48   0.384036   0.938023    0.54496
      0.49   0.366332   0.936183   0.526602
       0.5    0.32269   0.930108   0.479146
      0.51   0.297178    0.92571    0.44992
      0.52   0.285582   0.922783   0.436176
      0.53   0.256049   0.919799   0.400586
      0.54   0.246811   0.922067   0.389393
      0.55   0.225242   0.919249   0.361826
      0.56   0.214573   0.917588   0.347812
      0.57   0.197719   0.915273    0.32519
      0.58   0.179088    0.91018   0.299287
      0.59   0.164476   0.910039     0.2786
       0.6   0.157866   0.912925   0.269184
      0.61   0.145265   0.910198   0.250544
      0.62   0.135678   0.914858   0.236311
      0.63   0.125512   0.912409   0.220669
      0.64    0.11581   0.905051   0.205344
      0.65   0.104755   0.907127    0.18782
      0.66  0.0963278   0.901376   0.174055
      0.67  0.0910321   0.907767   0.165471
      0.68  0.0818709   0.902375   0.150122
      0.69  0.0768844   0.905292   0.141732
       0.7  0.0733668   0.897898    0.13565
      0.71  0.0703131   0.893891   0.130371
      0.72  0.0665249   0.898649   0.123879
      0.73  0.0619637   0.903346   0.115972
      0.74  0.0567839   0.907631   0.106881
      0.75  0.0506765   0.905405  0.0959808
      0.76  0.0470043   0.902326  0.0893539
      0.77  0.0417859    0.89604  0.0798481
      0.78  0.0409741    0.89899   0.078376
      0.79  0.0393506   0.898396  0.0753987
       0.8  0.0346734   0.893258  0.0667555
      0.81  0.0315037   0.886228  0.0608444
      0.82  0.0309625   0.882716  0.0598265
      0.83  0.0301121   0.880503  0.0582327
      0.84  0.0293003   0.886667  0.0567262
      0.85  0.0284886   0.888889  0.0552078
      0.86   0.022729   0.888889  0.0443247
      0.87  0.0214148   0.882353  0.0418147
      0.88  0.0206417   0.877193  0.0403342
      0.89  0.0203711   0.881818  0.0398222
       0.9  0.0198299   0.888889  0.0387944
      0.91  0.0196366   0.905263  0.0384395
      0.92   0.019482   0.923077  0.0381587
      0.93   0.018477   0.916667  0.0362238
      0.94  0.0146115   0.921053  0.0287667
      0.95  0.0133746   0.929577  0.0263697
      0.96  0.0133746   0.929577  0.0263697
      0.97  0.0124855   0.940299  0.0246438
      0.98   0.012099   0.938462  0.0238899
      0.99  0.0120216   0.952381  0.0237436
