         0          1   0.393948   0.565226
      0.01   0.959677   0.423951   0.588101
      0.02   0.959677   0.424226   0.588365
      0.03   0.959607   0.424262   0.588386
      0.04   0.959536   0.425752   0.589804
      0.05   0.959359    0.42707   0.591035
      0.06   0.958227   0.429113   0.592772
      0.07   0.956353   0.431069   0.594274
      0.08   0.953806   0.434669   0.597187
      0.09   0.952391   0.436916   0.599025
       0.1   0.949915   0.440993   0.602349
      0.11   0.944503   0.446429    0.60629
      0.12   0.939516   0.450161   0.608678
      0.13   0.931876   0.456115   0.612457
      0.14   0.921088   0.460806   0.614291
      0.15   0.907824    0.46688   0.616634
      0.16   0.896753   0.472027   0.618494
      0.17   0.877724   0.479353   0.620067
      0.18   0.865379    0.48483   0.621477
      0.19    0.84016     0.4935   0.621776
       0.2   0.828098     0.4995   0.623133
      0.21   0.808043   0.509189   0.624714
      0.22   0.782789   0.516524   0.622374
      0.23   0.761602   0.523701   0.620634
      0.24   0.730016   0.531585   0.615195
      0.25   0.708758   0.538227   0.611832
      0.26   0.680426    0.54985   0.608208
      0.27   0.656515   0.557466    0.60295
      0.28   0.628007   0.568012   0.596505
      0.29    0.60254   0.572528   0.587151
       0.3   0.570671   0.582586   0.576567
      0.31   0.533178   0.591299   0.560736
      0.32   0.513865   0.598385   0.552914
      0.33   0.477787   0.605697   0.534192
      0.34   0.452179   0.611007   0.519729
      0.35   0.429648   0.618437   0.507039
      0.36   0.408779   0.625934   0.494569
      0.37   0.380589   0.638554   0.476923
      0.38   0.365025   0.647981   0.466985
      0.39   0.343945   0.659223    0.45204
       0.4   0.330751   0.663457   0.441435
      0.41   0.310342   0.662703   0.422724
      0.42   0.285866   0.670343   0.400808
      0.43   0.267508    0.67328   0.382888
      0.44   0.246675   0.674725   0.361272
      0.45   0.239743    0.68306   0.354916
      0.46    0.22326   0.686007   0.336882
      0.47   0.208722   0.691244    0.32063
      0.48   0.196449   0.700605   0.306856
      0.49   0.186863   0.706452   0.295551
       0.5    0.17604   0.717494   0.282715
      0.51   0.167763   0.730769   0.272881
      0.52     0.1632   0.738063   0.267296
      0.53   0.152377   0.737082   0.252545
      0.54   0.143287   0.739837   0.240077
      0.55   0.136354   0.757469   0.231106
      0.56   0.130836   0.755064   0.223027
      0.57   0.118527   0.760649   0.205096
      0.58   0.116511   0.762208   0.202125
      0.59   0.107668    0.76247   0.188692
       0.6   0.103141   0.761421   0.181673
      0.61  0.0933786   0.762712   0.166387
      0.62  0.0816355   0.769968    0.14762
      0.63  0.0756579   0.791519   0.138114
      0.64  0.0671336   0.795276   0.123815
      0.65  0.0640917   0.810345   0.118788
      0.66  0.0577957   0.815166   0.107939
      0.67  0.0545062   0.827411   0.102275
      0.68  0.0526669   0.831522  0.0990597
      0.69  0.0507923   0.833333  0.0957487
       0.7  0.0475028   0.845161    0.08995
      0.71  0.0409239   0.842975  0.0780583
      0.72  0.0368209   0.844037  0.0705635
      0.73  0.0326471   0.851064  0.0628821
      0.74   0.031586   0.862069  0.0609392
      0.75  0.0296406   0.876712  0.0573426
      0.76  0.0267049   0.895522  0.0518632
      0.77  0.0235922   0.981481  0.0460769
      0.78  0.0229909   0.980392  0.0449283
      0.79  0.0197368          1  0.0387097
       0.8  0.0196661          1  0.0385736
      0.81  0.0179329          1   0.035234
      0.82  0.0178976          1  0.0351658
      0.83   0.017084          1  0.0335942
      0.84  0.0132994          1  0.0262497
      0.85  0.0117077          1  0.0231444
      0.86  0.0108942          1  0.0215535
      0.87   0.010116          1  0.0200294
      0.88 0.00728636          1  0.0144673
      0.89 0.00498727          1 0.00992503
       0.9 0.00466893          1 0.00929447
      0.91 0.00431522          1 0.00859336
      0.92 0.00431522          1 0.00859336
      0.93 0.00282965          1 0.00564334
      0.94 0.00282965          1 0.00564334
      0.95 0.00247595          1 0.00493967
      0.96 0.00247595          1 0.00493967
      0.97          0          0          0
      0.98          0          0          0
      0.99          0          0          0
