         0          1   0.310743   0.474148
      0.01   0.950106   0.347028   0.508372
      0.02   0.950106   0.347465   0.508841
      0.03   0.950106    0.34827   0.509704
      0.04   0.950106   0.350906   0.512521
      0.05   0.950106   0.353995   0.515808
      0.06   0.950106   0.358986   0.521086
      0.07   0.950106   0.362993   0.525295
      0.08   0.950106   0.369399    0.53197
      0.09   0.950106   0.374104   0.536831
       0.1   0.950106   0.382101   0.545015
      0.11   0.949946   0.391979   0.554963
      0.12   0.948823   0.398147   0.560919
      0.13   0.948101   0.410711   0.573141
      0.14   0.947219   0.419844   0.581808
      0.15   0.946457   0.434426   0.595511
      0.16   0.945895   0.445461   0.605681
      0.17    0.94397   0.460973   0.619448
      0.18   0.943328   0.471973    0.62916
      0.19   0.939398   0.488722    0.64295
       0.2   0.936911   0.499498   0.651604
      0.21   0.934464   0.517459   0.666078
      0.22   0.931135   0.535388   0.679865
      0.23   0.926964   0.545926   0.687158
      0.24   0.920627   0.564536   0.699893
      0.25   0.919384   0.576744   0.708828
      0.26   0.914892   0.594883   0.720973
      0.27   0.912165   0.604883   0.727403
      0.28   0.907352   0.622748   0.738581
      0.29    0.90282   0.633121   0.744292
       0.3   0.894397   0.653067   0.754914
      0.31   0.885373   0.670612   0.763172
      0.32   0.878795   0.683045   0.768653
      0.33   0.870252    0.70183    0.77702
      0.34   0.865159     0.7145   0.782645
      0.35   0.856335    0.72954   0.787869
      0.36    0.85076    0.73725   0.789948
      0.37   0.841094   0.749151   0.792464
      0.38   0.834115   0.758533   0.794531
      0.39   0.822364   0.769231    0.79491
       0.4   0.810773   0.776236   0.793128
      0.41   0.798861   0.787112   0.792943
      0.42   0.784262    0.79469   0.789441
      0.43   0.778767   0.801315    0.78988
      0.44   0.766935   0.806641   0.786287
      0.45   0.754903   0.814041   0.783358
      0.46   0.747965   0.821151   0.782851
      0.47   0.742229   0.826836   0.782252
      0.48   0.730758   0.832646   0.778382
      0.49   0.720571   0.835955   0.773986
       0.5    0.70906   0.840764   0.769316
      0.51   0.698311   0.844272   0.764386
      0.52   0.690851   0.848827   0.761735
      0.53     0.6791   0.853199   0.756259
      0.54    0.67533   0.855913   0.754973
      0.55   0.662656    0.85846   0.747955
      0.56    0.65283   0.863728   0.743615
      0.57   0.638792   0.870125   0.736726
      0.58   0.634741   0.875712   0.736005
      0.59   0.624554   0.880235   0.730673
       0.6   0.618658   0.883058   0.727582
      0.61   0.608792   0.887471   0.722179
      0.62   0.595195   0.892314   0.714081
      0.63   0.591866   0.894565   0.712395
      0.64   0.580556   0.895182    0.70433
      0.65   0.574419   0.896418   0.700172
      0.66   0.555408   0.898746   0.686545
      0.67   0.545061   0.900826   0.679175
      0.68   0.529619   0.902231   0.667443
      0.69   0.522119   0.902758   0.661597
       0.7    0.51498    0.90583   0.656646
      0.71   0.502146   0.907541   0.646552
      0.72   0.493442   0.908421   0.639511
      0.73   0.477159   0.907558    0.62547
      0.74   0.472386   0.907938   0.621444
      0.75   0.464004   0.908681   0.614316
      0.76   0.460795   0.908987   0.611567
      0.77   0.456503   0.910641   0.608145
      0.78   0.453776   0.912418   0.606112
      0.79   0.447479   0.913879   0.600785
       0.8   0.438816   0.914975   0.593157
      0.81   0.431998   0.919259   0.587775
      0.82   0.420607   0.918956   0.577083
      0.83    0.41419   0.918021   0.570833
      0.84     0.3957   0.917411   0.552916
      0.85    0.38447   0.915396   0.541506
      0.86      0.373   0.915806   0.530096
      0.87   0.367826   0.914842   0.524692
      0.88   0.348975   0.913265   0.504986
      0.89   0.343079   0.913119   0.498763
       0.9   0.328681   0.911552   0.483151
      0.91   0.315927   0.911132   0.469172
      0.92   0.306662    0.91068   0.458821
      0.93   0.296033    0.91129   0.446893
      0.94   0.286769   0.911734   0.436306
      0.95   0.273734   0.911861   0.421066
      0.96   0.267437     0.9099   0.413375
      0.97   0.258212   0.907407   0.402024
      0.98   0.251674    0.90566   0.393891
      0.99   0.241928   0.903423   0.381653
