         0          1   0.172013   0.293534
      0.01   0.973967   0.221756    0.36126
      0.02   0.973967   0.223579   0.363675
      0.03   0.973896   0.225962   0.366816
      0.04   0.973896   0.231593   0.374201
      0.05    0.97239   0.236762   0.380804
      0.06   0.972031   0.245505   0.392002
      0.07   0.970668   0.252996   0.401376
      0.08   0.967369   0.265836   0.417062
      0.09   0.963855   0.276445   0.429658
       0.1   0.959552   0.295634   0.452007
      0.11   0.956756    0.31504   0.474002
      0.12   0.953457   0.328526   0.488674
      0.13    0.94815   0.351341   0.512699
      0.14   0.942628    0.36556   0.526815
      0.15   0.929791   0.389207   0.548721
      0.16   0.920539   0.404501   0.562034
      0.17    0.91387   0.427418   0.582432
      0.18   0.907559   0.441838   0.594331
      0.19   0.884897   0.464216   0.608968
       0.2   0.876147   0.479276   0.619609
      0.21   0.857717   0.497021   0.629352
      0.22   0.840935   0.514296   0.638252
      0.23   0.826305   0.522918   0.640502
      0.24   0.814257   0.538837   0.648516
      0.25   0.802854   0.546512   0.650334
      0.26   0.783061   0.557779   0.651494
      0.27   0.768431   0.565359   0.651436
      0.28   0.754016   0.580399   0.655913
      0.29   0.743187   0.590365   0.658019
       0.3   0.731928   0.605923   0.662992
      0.31   0.716294   0.618182   0.663631
      0.32   0.710485     0.6292   0.667377
      0.33   0.702166   0.641173   0.670285
      0.34   0.698078   0.650482    0.67344
      0.35   0.680221    0.66276   0.671377
      0.36   0.671256    0.66857    0.66991
      0.37   0.656411   0.673966   0.665073
      0.38   0.649957   0.679715   0.664503
      0.39   0.639773   0.687592   0.662821
       0.4   0.630092   0.690675   0.658994
      0.41   0.624355   0.699254   0.659685
      0.42   0.614745   0.706002   0.657221
      0.43   0.603701   0.709556   0.652362
      0.44   0.589357   0.715648   0.646392
      0.45   0.584768   0.720868   0.645724
      0.46   0.577309   0.724611   0.642627
      0.47   0.567986   0.723444   0.636358
      0.48   0.553356   0.720058   0.625796
      0.49   0.547619   0.721949   0.622815
       0.5   0.535714   0.723998   0.615785
      0.51   0.525961    0.72365   0.609168
      0.52   0.518216   0.725322   0.604522
      0.53   0.494478    0.72154    0.58681
      0.54   0.485585   0.720479   0.580158
      0.55   0.463497   0.713949   0.562086
      0.56   0.458764    0.71147   0.557831
      0.57   0.446285   0.708791   0.547709
      0.58   0.435886   0.705919   0.538972
      0.59   0.423695   0.699035   0.527603
       0.6   0.417384   0.697128   0.522148
      0.61   0.409854   0.692152   0.514845
      0.62   0.392355   0.686178   0.499244
      0.63   0.384108   0.685694   0.492391
      0.64   0.376865   0.681181   0.485259
      0.65   0.371199   0.679003   0.479994
      0.66    0.36331   0.674923   0.472353
      0.67   0.358792   0.670338   0.467409
      0.68   0.340505   0.663948   0.450151
      0.69    0.33778   0.661692   0.447248
       0.7   0.327453   0.651243   0.435787
      0.71   0.310671   0.639504   0.418187
      0.72   0.302567   0.634234   0.409689
      0.73   0.290519   0.623377   0.396332
      0.74   0.286575   0.618421   0.391657
      0.75   0.275459    0.61079   0.379685
      0.76   0.270511   0.606445   0.374135
      0.77   0.266781   0.601196   0.369567
      0.78   0.260614   0.596758   0.362791
      0.79   0.256598    0.59171   0.357963
       0.8    0.24792   0.587049   0.348615
      0.81   0.231999   0.574257   0.330484
      0.82   0.226836   0.567873   0.324179
      0.83   0.217441   0.561565   0.313495
      0.84   0.207042   0.553719   0.301391
      0.85    0.20568   0.550119   0.299414
      0.86   0.194492   0.541307   0.286165
      0.87   0.193201   0.538077   0.284316
      0.88   0.191767   0.535939   0.282464
      0.89   0.188181   0.530848   0.277863
       0.9   0.185958   0.528031   0.275051
      0.91   0.181081   0.521505   0.268821
      0.92   0.176707   0.519337   0.263691
      0.93   0.173551   0.518571   0.260066
      0.94   0.166954   0.517751    0.25249
      0.95   0.161647   0.521875   0.246837
      0.96   0.160356   0.519355    0.24505
      0.97   0.156698   0.524535   0.241309
      0.98   0.148092   0.519298   0.230462
      0.99   0.142642   0.511111   0.223038
