         0          1   0.171113   0.292223
      0.01   0.968851   0.142895   0.249057
      0.02   0.968851   0.143949   0.250656
      0.03   0.968375   0.144695    0.25177
      0.04    0.96828   0.147062   0.255342
      0.05    0.96828   0.148833   0.258009
      0.06   0.967708   0.152653   0.263707
      0.07   0.967137   0.155292   0.267614
      0.08   0.965994   0.160517    0.27529
      0.09   0.965041   0.163761   0.280007
       0.1   0.959135   0.170101   0.288955
      0.11   0.954753   0.178683   0.301028
      0.12   0.950943   0.184599   0.309179
      0.13   0.946942    0.19529   0.323801
      0.14   0.942275   0.203379   0.334549
      0.15   0.933225   0.215556   0.350219
      0.16   0.925129   0.224594   0.361441
      0.17   0.913031   0.240012   0.380104
      0.18   0.902553    0.25285   0.395032
      0.19   0.895599   0.273848   0.419443
       0.2   0.887693   0.287835   0.434713
      0.21   0.877215   0.311851   0.460126
      0.22    0.86607   0.334732   0.482847
      0.23   0.858354   0.353103   0.500369
      0.24   0.849305   0.377499   0.522678
      0.25   0.846637   0.398905   0.542298
      0.26   0.829301   0.425366   0.562311
      0.27   0.822347   0.445177   0.577646
      0.28   0.812631   0.472707    0.59772
      0.29   0.807582   0.492657   0.611982
       0.3   0.797771   0.520865   0.630244
      0.31   0.781482    0.54312   0.640854
      0.32   0.774338   0.556625   0.647675
      0.33   0.762336   0.577819   0.657375
      0.34   0.757287   0.591837   0.664417
      0.35   0.745475   0.612676   0.672583
      0.36   0.736045   0.626502    0.67687
      0.37   0.725853    0.64295   0.681891
      0.38   0.718518   0.651825   0.683548
      0.39   0.702324   0.665963    0.68366
       0.4   0.695085   0.676128   0.685475
      0.41   0.680796   0.686267   0.683521
      0.42   0.662698     0.6974   0.679606
      0.43   0.650124   0.700586   0.674412
      0.44   0.632978   0.710965   0.669709
      0.45   0.619737   0.711521   0.662465
      0.46   0.599066   0.715839   0.652268
      0.47   0.582492   0.723415    0.64535
      0.48   0.561536   0.729006   0.634405
      0.49   0.549247   0.733333    0.62808
       0.5    0.53172   0.735542    0.61724
      0.51   0.509716   0.744958   0.605284
      0.52   0.489617   0.747077   0.591547
      0.53   0.470852   0.752758   0.579331
      0.54   0.453134   0.762873   0.568555
      0.55   0.428558   0.771307   0.550978
      0.56   0.423128   0.779326    0.54847
      0.57   0.400076   0.783048   0.529579
      0.58   0.396361   0.789896   0.527852
      0.59   0.381501   0.794463   0.515473
       0.6   0.372357   0.802265   0.508638
      0.61   0.348828   0.806985   0.487102
      0.62    0.34378   0.809432   0.482594
      0.63   0.331015   0.808765   0.469764
      0.64   0.321299    0.81524   0.460936
      0.65   0.311869   0.820457   0.451946
      0.66   0.296437   0.826237   0.436329
      0.67   0.293294   0.832936   0.433828
      0.68   0.287007   0.848561   0.428936
      0.69    0.28434   0.863281   0.427781
       0.7   0.275291   0.887344   0.420214
      0.71   0.263955   0.904903   0.408696
      0.72   0.261097   0.909938   0.405765
      0.73   0.247571   0.917081   0.389889
      0.74    0.23776   0.917667   0.377669
      0.75    0.23052   0.926259   0.369165
      0.76     0.2269   0.926199   0.364504
      0.77   0.216708    0.93837   0.352101
      0.78   0.213469   0.936735   0.347702
      0.79   0.206039   0.949561   0.338606
       0.8    0.19899   0.951389   0.329139
      0.81   0.190512     0.9625   0.318068
      0.82   0.175843   0.965241   0.297491
      0.83   0.169556    0.96978   0.288646
      0.84   0.166698   0.968839   0.284454
      0.85   0.164508   0.973837   0.281468
      0.86   0.160412   0.978659   0.275643
      0.87   0.154791   0.987382   0.267627
      0.88   0.138312   0.986667   0.242614
      0.89    0.13755   0.989761   0.241533
       0.9   0.137074   0.992933   0.240892
      0.91   0.130025   0.992481   0.229927
      0.92   0.127929   0.992188   0.226637
      0.93   0.125929          1   0.223689
      0.94   0.123262          1   0.219471
      0.95   0.121928          1   0.217354
      0.96   0.120975          1    0.21584
      0.97    0.11907          1   0.212802
      0.98   0.116308          1    0.20838
      0.99   0.108402          1     0.1956
