         0          1   0.391539   0.562742
      0.01   0.875491   0.479996   0.620046
      0.02    0.87535   0.479926   0.619953
      0.03    0.87521   0.480109    0.62007
      0.04   0.874895   0.480096    0.61998
      0.05   0.874579   0.479837   0.619684
      0.06   0.871005   0.479254     0.6183
      0.07   0.870129   0.479648   0.618407
      0.08   0.864732   0.478723   0.616272
      0.09    0.85909   0.478081   0.614304
       0.1    0.85103   0.476283   0.610754
      0.11    0.84311   0.475606   0.608149
      0.12   0.834174   0.477133   0.607046
      0.13   0.818755    0.48064   0.605707
      0.14   0.812518    0.48347   0.606222
      0.15   0.802285   0.487938   0.606818
      0.16    0.79037   0.491029   0.605736
      0.17   0.776668   0.497957   0.606841
      0.18   0.764788   0.502578   0.606558
      0.19   0.746671   0.510384    0.60632
       0.2   0.736683   0.515441   0.606516
      0.21   0.722175   0.521932   0.605938
      0.22   0.709174   0.529609   0.606377
      0.23   0.698521   0.534585   0.605655
      0.24   0.684294   0.542409   0.605146
      0.25   0.675147   0.547347   0.604567
      0.26   0.656925   0.556579   0.602603
      0.27   0.646832   0.562045   0.601465
      0.28   0.631974   0.573715   0.601437
      0.29   0.617045   0.580482   0.598205
       0.3   0.599103   0.591241   0.595146
      0.31   0.584315   0.603448   0.593727
      0.32   0.577796   0.613663    0.59519
      0.33   0.564445   0.625831   0.593555
      0.34   0.555789   0.635766   0.593094
      0.35   0.545031   0.649836   0.592837
      0.36   0.535043   0.654162   0.588637
      0.37   0.524075   0.663957   0.585781
      0.38   0.513106   0.671708   0.581792
      0.39   0.498318   0.680846   0.575455
       0.4   0.493061   0.688521   0.574624
      0.41   0.478343   0.700802   0.568588
      0.42   0.463345   0.713185   0.561737
      0.43   0.453848    0.72243   0.557476
      0.44   0.441127   0.734001   0.551068
      0.45   0.433768     0.7425   0.547618
      0.46   0.423115   0.757646   0.542991
      0.47   0.413653   0.767119   0.537481
      0.48   0.401423   0.776678   0.529286
      0.49   0.392697   0.783712   0.523222
       0.5    0.38327   0.794329   0.517057
      0.51   0.368517    0.80432   0.505451
      0.52   0.359265   0.815059   0.498708
      0.53   0.345388   0.834197   0.488514
      0.54    0.33866   0.844023    0.48337
      0.55   0.329408   0.858974   0.476199
      0.56   0.323521   0.861595   0.470408
      0.57   0.312693   0.870536   0.460114
      0.58    0.30649   0.877163   0.454258
      0.59   0.297028   0.884615   0.444729
       0.6   0.292543   0.889846   0.440326
      0.61   0.287532   0.897419   0.435522
      0.62   0.279296   0.902357   0.426563
      0.63   0.276353   0.906704   0.423598
      0.64   0.271131   0.916366   0.418452
      0.65   0.268608   0.922165   0.416034
      0.66   0.264368   0.932296   0.411927
      0.67   0.259567   0.936546   0.406477
      0.68   0.248353   0.945008   0.393335
      0.69   0.242676   0.949735   0.386575
       0.7   0.236929    0.95636   0.379773
      0.71   0.232303   0.960463   0.374119
      0.72   0.227747   0.962963   0.368372
      0.73   0.219092    0.96628   0.357194
      0.74   0.214922   0.967568   0.351718
      0.75    0.20928   0.973184    0.34448
      0.76    0.20157   0.978972   0.334306
      0.77   0.195928    0.98303   0.326734
      0.78   0.192704   0.985093    0.32235
      0.79   0.184609   0.985696   0.310976
       0.8   0.181455   0.987919   0.306596
      0.81   0.171608   0.994294   0.292698
      0.82   0.167578          1   0.287052
      0.83   0.162637          1   0.279772
      0.84   0.156434          1   0.270545
      0.85   0.151177          1   0.262648
      0.86   0.148654          1   0.258832
      0.87   0.147883          1   0.257663
      0.88   0.142417          1   0.249325
      0.89   0.138246          1   0.242911
       0.9   0.135828          1   0.239171
      0.91    0.13334          1   0.235305
      0.92   0.128294          1   0.227412
      0.93   0.125911          1   0.223661
      0.94   0.124895          1   0.222056
      0.95   0.123388          1   0.219671
      0.96   0.122617          1   0.218449
      0.97   0.120164          1   0.214547
      0.98   0.117501          1   0.210292
      0.99   0.112384          1    0.20206
