         0          1   0.216663    0.35616
      0.01   0.996649   0.699411   0.821984
      0.02   0.996649    0.69948   0.822031
      0.03   0.996513   0.699873   0.822257
      0.04   0.996513    0.70204   0.823751
      0.05   0.996513   0.703414   0.824695
      0.06   0.996467    0.70682   0.827016
      0.07   0.996467   0.712005   0.830554
      0.08   0.996377   0.716956   0.833882
      0.09   0.996332    0.71915   0.835347
       0.1   0.995063   0.722197   0.836952
      0.11   0.994429    0.72603   0.839294
      0.12   0.992935   0.729932   0.841359
      0.13   0.992391   0.735369   0.844762
      0.14   0.991757   0.740147   0.847675
      0.15   0.988632   0.744508   0.849377
      0.16   0.987817   0.745526   0.849738
      0.17   0.986232   0.749042   0.851427
      0.18   0.985371   0.751937   0.852971
      0.19   0.983877   0.756798   0.855526
       0.2   0.982926   0.761111   0.857913
      0.21   0.981159   0.767516   0.861287
      0.22   0.977264   0.776731   0.865534
      0.23   0.976585   0.783585   0.869504
      0.24   0.975136   0.792403   0.874324
      0.25   0.974774   0.797793   0.877448
      0.26   0.973822   0.803834   0.880701
      0.27   0.972917   0.809057   0.883453
      0.28   0.972781   0.817202    0.88823
      0.29   0.971513   0.821393   0.890168
       0.3   0.968388   0.830757   0.894308
      0.31   0.966123   0.840185   0.898764
      0.32   0.964629   0.846498   0.901711
      0.33   0.962862   0.854451   0.905423
      0.34   0.959058   0.859745    0.90669
      0.35   0.953261   0.870794   0.910163
      0.36   0.950226   0.878747    0.91309
      0.37   0.948777   0.887937   0.917349
      0.38   0.948098    0.89449   0.920514
      0.39   0.944837   0.907256   0.925665
       0.4   0.943931   0.912864   0.928138
      0.41    0.94298   0.920611   0.931662
      0.42   0.939674   0.926622   0.933102
      0.43   0.936005   0.932031   0.934014
      0.44   0.933514   0.942716   0.938093
      0.45   0.931476   0.946307   0.938833
      0.46     0.9274   0.950637   0.938875
      0.47   0.926313    0.95595   0.940898
      0.48   0.921966   0.962305   0.941704
      0.49   0.917527   0.964975   0.940653
       0.5   0.913225   0.969502   0.940522
      0.51   0.908288   0.972781   0.939429
      0.52   0.905072   0.975122   0.938792
      0.53   0.897101   0.978286   0.935937
      0.54   0.891938   0.981303   0.934489
      0.55   0.883469   0.982596     0.9304
      0.56   0.880842   0.983948   0.929545
      0.57   0.876313   0.986783   0.928273
      0.58   0.874411   0.987915   0.927704
      0.59   0.871241   0.989918   0.926796
       0.6    0.86721   0.991071   0.925013
      0.61   0.862862   0.991589   0.922758
      0.62   0.853759   0.993023    0.91814
      0.63   0.847418   0.994544   0.915106
      0.64   0.829937   0.995434   0.905183
      0.65   0.825861   0.996373   0.903139
      0.66   0.817391   0.997314   0.898433
      0.67   0.807292   0.997617    0.89242
      0.68   0.798007    0.99792   0.886837
      0.69   0.790036    0.99825   0.882022
       0.7   0.779167   0.998575   0.875331
      0.71   0.773822   0.998917   0.872079
      0.72   0.768705    0.99891   0.868817
      0.73   0.755797   0.999261   0.860642
      0.74   0.751132   0.999256   0.857608
      0.75   0.747011   0.999247   0.854912
      0.76   0.743569   0.999243   0.852652
      0.77   0.736685   0.999232   0.848104
      0.78   0.727491   0.999224   0.841976
      0.79   0.724638   0.999608   0.840198
       0.8   0.719203   0.999603   0.836531
      0.81   0.708696          1   0.829517
      0.82   0.702582          1   0.825313
      0.83   0.699819          1   0.823404
      0.84   0.690987          1   0.817259
      0.85   0.681114          1   0.810313
      0.86   0.674411          1    0.80555
      0.87   0.671422          1   0.803414
      0.88   0.664855          1   0.798694
      0.89    0.66087          1   0.795812
       0.9   0.651313          1   0.788843
      0.91   0.641621          1   0.781692
      0.92   0.638179          1   0.779132
      0.93   0.625679          1   0.769745
      0.94   0.615217          1   0.761777
      0.95   0.602808          1    0.75219
      0.96   0.598732          1   0.749008
      0.97   0.586866          1   0.739654
      0.98   0.580933          1   0.734924
      0.99   0.569746          1   0.725909
