         0          1   0.205491   0.340925
      0.01   0.952337   0.300585   0.456945
      0.02   0.952337   0.301997   0.458575
      0.03   0.952171   0.304008    0.46087
      0.04   0.952004   0.309191   0.466781
      0.05   0.951754   0.315028   0.473371
      0.06   0.950587   0.324386   0.483707
      0.07   0.949921   0.331459   0.491439
      0.08   0.946338   0.344492   0.505111
      0.09   0.941755    0.35501   0.515641
       0.1   0.931839    0.37632   0.536127
      0.11    0.92034   0.399779   0.557423
      0.12   0.909841   0.417498   0.572359
      0.13   0.893342   0.441274   0.590745
      0.14   0.880593   0.459832   0.604174
      0.15   0.856929   0.490707   0.624058
      0.16    0.83418   0.514704   0.636609
      0.17   0.807183   0.549264   0.653703
      0.18   0.791601   0.572488   0.664446
      0.19   0.760353   0.611419   0.677801
       0.2   0.738272   0.643028   0.687366
      0.21   0.708608    0.68802   0.698162
      0.22    0.68436   0.732765   0.707735
      0.23   0.665945   0.754658   0.707531
      0.24   0.633197   0.788204   0.702249
      0.25   0.617449   0.803597   0.698331
      0.26   0.588868   0.835171   0.690719
      0.27   0.575119   0.851051   0.686391
      0.28   0.547621   0.872703    0.67296
      0.29   0.532456   0.878613   0.663075
       0.3   0.492626   0.893841   0.635182
      0.31   0.471544   0.909747   0.621137
      0.32   0.447796   0.920239    0.60244
      0.33   0.422548   0.936242   0.582293
      0.34   0.405633   0.941106   0.566915
      0.35   0.374635    0.95102   0.537524
      0.36   0.350387   0.958944   0.513242
      0.37    0.31889   0.963934   0.479238
      0.38   0.306224   0.967972   0.465261
      0.39   0.279143   0.974155   0.433941
       0.4   0.267394   0.982571   0.420386
      0.41   0.233981   0.981959   0.377912
      0.42   0.210316   0.988636   0.346846
      0.43   0.193817   0.987692   0.324046
      0.44   0.181652   0.993103   0.307126
      0.45   0.164903          1   0.283119
      0.46   0.132906          1   0.234628
      0.47   0.126489          1   0.224573
      0.48   0.106658          1   0.192757
      0.49  0.0975752          1   0.177801
       0.5  0.0833264          1   0.153834
      0.51  0.0743271          1    0.13837
      0.52  0.0665778          1   0.124844
      0.53  0.0625781          1   0.117785
      0.54  0.0557454          1   0.105604
      0.55  0.0539955          1   0.102459
      0.56  0.0524123          1  0.0996041
      0.57  0.0471627          1  0.0900772
      0.58  0.0464128          1  0.0887084
      0.59  0.0464128          1  0.0887084
       0.6  0.0464128          1  0.0887084
      0.61  0.0455795          1  0.0871852
      0.62  0.0453296          1  0.0867278
      0.63  0.0406633          1  0.0781488
      0.64    0.04008          1   0.077071
      0.65    0.04008          1   0.077071
      0.66    0.04008          1   0.077071
      0.67    0.04008          1   0.077071
      0.68  0.0382468          1  0.0736758
      0.69  0.0376635          1  0.0725929
       0.7  0.0376635          1  0.0725929
      0.71  0.0356637          1  0.0688712
      0.72  0.0356637          1  0.0688712
      0.73  0.0300808          1  0.0584048
      0.74  0.0300808          1  0.0584048
      0.75  0.0300808          1  0.0584048
      0.76  0.0295809          1   0.057462
      0.77  0.0295809          1   0.057462
      0.78  0.0295809          1   0.057462
      0.79  0.0295809          1   0.057462
       0.8  0.0295809          1   0.057462
      0.81  0.0295809          1   0.057462
      0.82  0.0289976          1  0.0563608
      0.83  0.0289976          1  0.0563608
      0.84  0.0264145          1  0.0514694
      0.85  0.0264145          1  0.0514694
      0.86  0.0251646          1  0.0490937
      0.87  0.0251646          1  0.0490937
      0.88  0.0251646          1  0.0490937
      0.89  0.0251646          1  0.0490937
       0.9  0.0251646          1  0.0490937
      0.91  0.0251646          1  0.0490937
      0.92  0.0251646          1  0.0490937
      0.93  0.0251646          1  0.0490937
      0.94  0.0251646          1  0.0490937
      0.95  0.0251646          1  0.0490937
      0.96  0.0251646          1  0.0490937
      0.97  0.0251646          1  0.0490937
      0.98  0.0246646          1  0.0481418
      0.99  0.0236647          1  0.0462352
