         0          1   0.214804   0.353644
      0.01   0.949466    0.46755    0.62656
      0.02   0.949466   0.490486   0.646827
      0.03   0.948197   0.510226   0.663449
      0.04   0.944465   0.542997   0.689553
      0.05   0.940061   0.566148   0.706693
      0.06   0.930507   0.596311   0.726834
      0.07   0.918265   0.616478     0.7377
      0.08   0.901396    0.64095   0.749183
      0.09   0.889901   0.658065   0.756622
       0.1   0.866687   0.684092    0.76464
      0.11   0.857505   0.706541   0.774738
      0.12   0.849519   0.716044   0.777092
      0.13   0.833321   0.729843   0.778157
      0.14    0.82414   0.737155   0.778224
      0.15   0.807569   0.747772   0.776521
      0.16    0.79264   0.752921    0.77227
      0.17   0.780846   0.762633   0.771632
      0.18   0.774427   0.768182   0.771292
      0.19   0.764201    0.77431   0.769222
       0.2   0.755094   0.775143   0.764987
      0.21   0.742181   0.778966   0.760129
      0.22   0.726805   0.781655   0.753233
      0.23   0.714264   0.784414   0.747697
      0.24   0.705307   0.793804   0.746944
      0.25   0.696051   0.801922   0.745246
      0.26   0.678809   0.806698   0.737248
      0.27   0.666866   0.812429   0.732486
      0.28   0.651638   0.818649   0.725658
      0.29   0.640218   0.820544   0.719251
       0.3   0.625289   0.823077   0.710678
      0.31   0.605359   0.828918   0.699716
      0.32   0.595208   0.830862   0.693564
      0.33   0.572442   0.836408   0.679696
      0.34   0.561096   0.839259    0.67255
      0.35   0.547958   0.849738   0.666269
      0.36   0.541091   0.852893   0.662121
      0.37   0.530567   0.862944   0.657116
      0.38   0.517952   0.866087   0.648235
      0.39   0.501754    0.86975   0.636383
       0.4   0.495932   0.871231    0.63207
      0.41   0.479286   0.875984   0.619577
      0.42   0.460327   0.876646   0.603668
      0.43   0.444428   0.877493   0.590024
      0.44   0.429723   0.878067   0.577043
      0.45   0.424423   0.880092   0.572675
      0.46    0.40733   0.882682   0.557426
      0.47   0.395387   0.883074   0.546213
      0.48   0.387102   0.884615   0.538541
      0.49   0.376875   0.886243   0.528855
       0.5   0.367097   0.891144    0.51999
      0.51   0.348511   0.891032   0.501047
      0.52   0.342092   0.893069   0.494691
      0.53   0.329701   0.894467   0.481807
      0.54   0.322684    0.89192   0.473913
      0.55    0.31313   0.891803   0.463512
      0.56   0.306113   0.892342    0.45585
      0.57   0.293125   0.894798   0.441591
      0.58   0.290886   0.897285   0.439344
      0.59    0.28484   0.899633   0.432684
       0.6   0.275286   0.901015   0.421723
      0.61   0.266627   0.903054   0.411699
      0.62   0.262372    0.90535   0.406841
      0.63   0.260058   0.905899   0.404108
      0.64   0.247294   0.911765   0.389064
      0.65   0.245652   0.913174   0.387156
      0.66   0.240949   0.913846    0.38135
      0.67   0.238262   0.914826    0.37806
      0.68   0.233261   0.912338   0.371531
      0.69   0.231694   0.913478   0.369634
       0.7   0.226245   0.910806   0.362455
      0.71   0.222438   0.909091   0.357421
      0.72     0.2199   0.910909   0.354275
      0.73   0.212734   0.910112   0.344859
      0.74   0.209599   0.909441   0.340681
      0.75   0.206389    0.90748   0.336295
      0.76   0.204299   0.905051   0.333351
      0.77   0.201612   0.905462   0.329792
      0.78   0.195865   0.904348   0.321992
      0.79   0.193327   0.904232   0.318548
       0.8   0.188475   0.900693   0.311721
      0.81   0.178398   0.902913   0.297931
      0.82   0.171008    0.90201   0.287509
      0.83   0.170038   0.901015   0.286086
      0.84   0.165112   0.904255   0.279236
      0.85   0.163395   0.906849   0.276898
      0.86   0.157722   0.906433   0.268691
      0.87     0.1519   0.905488   0.260157
      0.88   0.145555   0.909385   0.250944
      0.89   0.142942   0.908784    0.24703
       0.9   0.140255    0.90681   0.242936
      0.91   0.125625   0.905882   0.220651
      0.92   0.123162   0.913934   0.217071
      0.93   0.111741   0.912664   0.199106
      0.94   0.108308   0.913636   0.193658
      0.95   0.102262   0.909953   0.183861
      0.96  0.0997238   0.916667   0.179879
      0.97  0.0944988   0.917098   0.171342
      0.98  0.0919609   0.927374   0.167329
      0.99  0.0891244   0.928571   0.162639
