         0          1   0.406617   0.578148
      0.01   0.877834   0.588248   0.704441
      0.02   0.877795    0.58968   0.705454
      0.03   0.877715   0.591374   0.706639
      0.04   0.877398   0.596154   0.709937
      0.05   0.876843   0.598845   0.711659
      0.06   0.870937    0.60495   0.713975
      0.07   0.865744    0.60889   0.714948
      0.08   0.852466   0.616141   0.715289
      0.09   0.839068   0.620223   0.713236
       0.1   0.822737   0.629765   0.713432
      0.11   0.799865   0.635492   0.708267
      0.12   0.785675   0.638712   0.704612
      0.13   0.762407    0.64298   0.697619
      0.14    0.74346   0.646608    0.69166
      0.15   0.717417   0.652808   0.683589
      0.16   0.697638   0.656304    0.67634
      0.17    0.67873   0.661416   0.669961
      0.18   0.661963    0.66345   0.662706
      0.19   0.637704   0.668297   0.652642
       0.2   0.623632   0.671583    0.64672
      0.21   0.603338   0.675528   0.637395
      0.22   0.587997   0.682257    0.63163
      0.23   0.572023   0.685774   0.623755
      0.24   0.548755    0.69137   0.611862
      0.25   0.534089   0.693367   0.603394
      0.26   0.506699   0.698865   0.587466
      0.27   0.491121   0.704011   0.578605
      0.28   0.471064   0.709677    0.56626
      0.29   0.452434     0.7091   0.552409
       0.3   0.434755   0.715702   0.540924
      0.31   0.419019   0.722206   0.530339
      0.32   0.408673   0.727986   0.523478
      0.33   0.385484    0.73107   0.504796
      0.34   0.377121   0.733838    0.49821
      0.35     0.3575   0.733558    0.48072
      0.36   0.342477   0.736801   0.467604
      0.37   0.316672    0.73547   0.442721
      0.38   0.303988   0.735663   0.430207
      0.39   0.283296   0.731445   0.408411
       0.4   0.273109   0.728762    0.39732
      0.41   0.261099   0.725664   0.384023
      0.42   0.246551   0.726069   0.368105
      0.43   0.238108   0.727732   0.358815
      0.44     0.2259   0.735836   0.345677
      0.45   0.218527   0.739756   0.337388
      0.46   0.200293   0.745051   0.315713
      0.47   0.194744   0.756986    0.30979
      0.48   0.180395   0.765524   0.291984
      0.49    0.17437   0.770977   0.284414
       0.5   0.167274   0.781522   0.275567
      0.51    0.15681    0.81381   0.262952
      0.52   0.148565   0.835135   0.252256
      0.53   0.135088   0.848943   0.233086
      0.54   0.127438   0.846276   0.221518
      0.55   0.120263   0.856899   0.210924
      0.56   0.114635     0.8625   0.202372
      0.57   0.107539   0.866279   0.191327
      0.58  0.0980656   0.863636   0.176132
      0.59  0.0898208   0.877273   0.162957
       0.6  0.0831616   0.874408   0.151879
      0.61   0.074996   0.866667   0.138046
      0.62  0.0700016   0.857939   0.129442
      0.63  0.0673062   0.853372   0.124772
      0.64   0.062827   0.837134   0.116882
      0.65  0.0612811   0.827586   0.114112
      0.66  0.0568416   0.819231   0.106307
      0.67  0.0550579   0.819672   0.103185
      0.68  0.0475266   0.813636  0.0898072
      0.69  0.0464167   0.835821  0.0879492
       0.7  0.0438402   0.853107  0.0833948
      0.71  0.0402727   0.867089  0.0769705
      0.72  0.0363485   0.869565  0.0697801
      0.73   0.032345   0.884298  0.0624073
      0.74  0.0315126   0.894737   0.060881
      0.75  0.0294118   0.912621   0.056987
      0.76  0.0286586   0.946237  0.0556323
      0.77  0.0264389   0.952381  0.0514495
      0.78  0.0249326   0.961039  0.0486043
      0.79  0.0221579          1  0.0433552
       0.8   0.021167          1  0.0414564
      0.81  0.0175202          1  0.0344371
      0.82   0.016886          1  0.0332112
      0.83  0.0146266          1  0.0288315
      0.84  0.0129618          1  0.0255919
      0.85  0.0119312          1   0.023581
      0.86   0.011733          1  0.0231939
      0.87  0.0110988          1  0.0219539
      0.88  0.0110988          1  0.0219539
      0.89 0.00979071          1  0.0193916
       0.9 0.00979071          1  0.0193916
      0.91  0.0094736          1  0.0187694
      0.92  0.0094736          1  0.0187694
      0.93 0.00923577          1  0.0183025
      0.94 0.00891866          1  0.0176796
      0.95 0.00891866          1  0.0176796
      0.96 0.00800698          1  0.0158867
      0.97 0.00800698          1  0.0158867
      0.98 0.00800698          1  0.0158867
      0.99 0.00709529          1  0.0140906
