         0          1   0.364376   0.534128
      0.01   0.957472    0.39901   0.563282
      0.02   0.957472   0.399383   0.563654
      0.03   0.957472   0.400088   0.564356
      0.04   0.957058   0.401294   0.565482
      0.05   0.956747   0.402763   0.566884
      0.06   0.956022   0.404351   0.568327
      0.07   0.955141   0.406044   0.569841
      0.08   0.953898   0.410193   0.573689
      0.09   0.953017   0.412127   0.575417
       0.1   0.948407   0.416406    0.57872
      0.11   0.942761   0.420912   0.581986
      0.12   0.937892   0.424414   0.584383
      0.13   0.927946   0.431515    0.58909
      0.14   0.923958   0.436774   0.593152
      0.15   0.915514   0.444691   0.598617
      0.16   0.905051   0.450405    0.60148
      0.17   0.895623   0.458657   0.606645
      0.18   0.887697   0.465913   0.611091
      0.19   0.869101   0.476259   0.615326
       0.2   0.858068   0.482783   0.617907
      0.21    0.84662   0.492589   0.622809
      0.22    0.82994   0.504079   0.627211
      0.23   0.821134   0.508952   0.628407
      0.24   0.806682   0.517831    0.63076
      0.25   0.795234   0.524571   0.632149
      0.26    0.77151   0.533916   0.631092
      0.27    0.75654   0.539866   0.630096
      0.28    0.73986   0.549956   0.630928
      0.29    0.73152   0.556151   0.631894
       0.3    0.71567   0.565971   0.632078
      0.31   0.691634   0.575046   0.627974
      0.32   0.683035   0.581241    0.62804
      0.33   0.669153    0.59222    0.62834
      0.34   0.656876   0.596101   0.625015
      0.35   0.637607   0.605296   0.621031
      0.36   0.618544   0.609079   0.613775
      0.37   0.603315   0.618112   0.610624
      0.38   0.591505   0.624603   0.607603
      0.39   0.577622   0.633675   0.604352
       0.4   0.569075   0.639273   0.602135
      0.41   0.550117   0.650317   0.596035
      0.42   0.519606    0.65814   0.580726
      0.43   0.506087   0.664803   0.574688
      0.44   0.485729   0.672088   0.563911
      0.45   0.478322   0.679607   0.561469
      0.46   0.454235   0.688883   0.547476
      0.47   0.441181   0.692814   0.539079
      0.48    0.42792    0.69976   0.531075
      0.49   0.418182   0.705882   0.525214
       0.5   0.410619   0.714452   0.521509
      0.51   0.396478   0.718349   0.510948
      0.52   0.383217   0.723431   0.501028
      0.53   0.371821   0.729215   0.492513
      0.54   0.366952   0.734251   0.489346
      0.55   0.352396   0.740701   0.477579
      0.56   0.346439   0.744673   0.472882
      0.57   0.335146   0.755086   0.464239
      0.58   0.324683   0.760291    0.45504
      0.59   0.317275   0.768184   0.449074
       0.6   0.309402   0.773568   0.442013
      0.61   0.298161   0.776022   0.430801
      0.62   0.289355   0.781373   0.422319
      0.63   0.282932   0.784085   0.415818
      0.64   0.271847    0.78711   0.404121
      0.65   0.267806   0.791939   0.400259
      0.66   0.256721    0.79817    0.38849
      0.67   0.253302   0.799883   0.384761
      0.68   0.248899   0.803249   0.380038
      0.69   0.246206   0.804469   0.377024
       0.7   0.241647   0.813265   0.372587
      0.71     0.2331   0.817024   0.362716
      0.72   0.228594   0.819193   0.357444
      0.73   0.222844   0.823401   0.350759
      0.74   0.216369   0.827586   0.343049
      0.75   0.212173    0.83622   0.338467
      0.76   0.209272   0.839127   0.334998
      0.77   0.201606   0.844013   0.325468
      0.78   0.195131   0.844753    0.31703
      0.79   0.191194   0.850228   0.312186
       0.8   0.189174   0.851992   0.309604
      0.81   0.184564   0.858006   0.303781
      0.82   0.175084   0.863874   0.291158
      0.83   0.170785   0.867171   0.285368
      0.84   0.166226   0.875425     0.2794
      0.85   0.162808   0.873684   0.274469
      0.86   0.159648    0.87931   0.270232
      0.87   0.156022   0.880255   0.265062
      0.88   0.145558   0.883469   0.249937
      0.89   0.142243   0.893768   0.245426
       0.9   0.136338   0.890533   0.236472
      0.91   0.130122   0.892473   0.227128
      0.92   0.129707   0.895149   0.226583
      0.93   0.124476   0.897059   0.218616
      0.94   0.118726   0.896082   0.209671
      0.95   0.116654   0.896127   0.206435
      0.96    0.11598   0.895495   0.205363
      0.97   0.111059   0.893058   0.197551
      0.98   0.108159   0.893411   0.192957
      0.99   0.105828    0.89613     0.1893
