         0          1   0.374026   0.544424
      0.01   0.745755   0.334585   0.461926
      0.02   0.745755   0.334866   0.462194
      0.03   0.745755   0.335329   0.462634
      0.04   0.745755   0.336604   0.463846
      0.05   0.745755    0.33827   0.465425
      0.06   0.745635   0.340693   0.467691
      0.07   0.745635   0.342978   0.469839
      0.08   0.745516   0.347147   0.473712
      0.09    0.74504   0.350195   0.476444
       0.1   0.742835    0.35493   0.480348
      0.11    0.74218   0.360881   0.485628
      0.12   0.740928   0.364904   0.488985
      0.13   0.737711   0.371325   0.493997
      0.14   0.735506   0.375391    0.49708
      0.15   0.730561   0.382015   0.501692
      0.16   0.728118   0.386085   0.504604
      0.17   0.724364    0.39399   0.510379
      0.18   0.720848   0.399015   0.513687
      0.19   0.714473     0.4078   0.519236
       0.2   0.710421   0.412926   0.522281
      0.21   0.700709   0.420931   0.525927
      0.22    0.69344   0.427038   0.528569
      0.23   0.689686     0.4303   0.529956
      0.24   0.678425   0.437974   0.532305
      0.25   0.671751   0.442306   0.533401
      0.26   0.658166   0.450353    0.53478
      0.27     0.6447   0.455831   0.534059
      0.28   0.632485   0.464654   0.535733
      0.29    0.61747   0.469921   0.533685
       0.3   0.608115   0.477265   0.534803
      0.31    0.59596   0.487684   0.536413
      0.32    0.58595   0.493594   0.535822
      0.33   0.573676   0.501184   0.534985
      0.34   0.563487   0.505709   0.533037
      0.35   0.542275   0.514559   0.528053
      0.36   0.532444   0.519413   0.525848
      0.37    0.51427   0.527255   0.520682
      0.38   0.503009    0.53241   0.517292
      0.39   0.484419   0.542799    0.51195
       0.4   0.474528   0.548695   0.508923
      0.41   0.447655   0.551515   0.494187
      0.42   0.428171   0.557432   0.484326
      0.43    0.41548   0.561524   0.477586
      0.44   0.403325    0.57172   0.472981
      0.45   0.385926   0.575578   0.462048
      0.46   0.371269   0.587191   0.454908
      0.47   0.361199   0.593423   0.449065
      0.48      0.341   0.599534   0.434734
      0.49   0.329441    0.60438   0.426436
       0.5   0.310493   0.607129   0.410865
      0.51   0.292379   0.614417   0.396214
      0.52   0.280939   0.619321   0.386536
      0.53   0.260263   0.633173   0.368894
      0.54   0.248108       0.64    0.35759
      0.55   0.236608   0.649315   0.346832
      0.56   0.230233   0.659182    0.34127
      0.57   0.220104   0.673342   0.331761
      0.58    0.21349   0.682814   0.325278
      0.59    0.20348   0.699558    0.31526
       0.6   0.194542   0.716216   0.305974
      0.61   0.179408   0.733857   0.288327
      0.62    0.17053   0.747867   0.277731
      0.63   0.165286   0.758483   0.271425
      0.64   0.156706   0.778139   0.260876
      0.65   0.151999   0.787844   0.254833
      0.66   0.141929   0.801746   0.241166
      0.67   0.135256   0.804433   0.231575
      0.68   0.129774   0.816921   0.223969
      0.69   0.125961   0.832845   0.218826
       0.7   0.119347   0.851097   0.209339
      0.71   0.114044    0.85832   0.201337
      0.72   0.111124   0.873288    0.19716
      0.73   0.106477    0.88587   0.190104
      0.74   0.104749   0.893058   0.187505
      0.75   0.101829    0.90748   0.183111
      0.76   0.100101   0.916667   0.180493
      0.77  0.0921766   0.921941   0.167597
      0.78  0.0896145   0.936404   0.163575
      0.79   0.088542   0.937079   0.161796
       0.8  0.0870524   0.946262   0.159437
      0.81  0.0828815   0.951691   0.152483
      0.82  0.0813919   0.965261   0.150125
      0.83  0.0799023   0.969697   0.147639
      0.84  0.0774593   0.979167   0.143562
      0.85  0.0772806   0.984127   0.143308
      0.86  0.0766252   0.986523   0.142205
      0.87  0.0758506   0.988981   0.140895
      0.88  0.0741226   0.991429   0.137933
      0.89   0.073348   0.994203   0.136617
       0.9  0.0712626          1   0.133044
      0.91  0.0675088          1   0.126479
      0.92    0.06733          1   0.126165
      0.93  0.0640529          1   0.120394
      0.94  0.0614312          1   0.115752
      0.95  0.0601204          1   0.113422
      0.96  0.0600608          1   0.113316
      0.97  0.0588691          1   0.111192
      0.98  0.0582733          1   0.110129
      0.99  0.0581541          1   0.109916
