         0          1   0.176767   0.300428
      0.01   0.973986   0.244361   0.390701
      0.02   0.973986   0.244967   0.391474
      0.03   0.973986   0.245872    0.39263
      0.04   0.973986    0.24759   0.394816
      0.05   0.973986    0.24953   0.397279
      0.06   0.973986   0.252995   0.401659
      0.07   0.973897   0.255955   0.405372
      0.08   0.973897   0.260873   0.411515
      0.09   0.973808   0.265109   0.416759
       0.1   0.971978   0.272969   0.426235
      0.11   0.971487   0.281666   0.436714
      0.12   0.971487    0.28777   0.444016
      0.13   0.970238   0.295926   0.453526
      0.14   0.970238   0.301397   0.459923
      0.15   0.970193    0.31056   0.470509
      0.16   0.969925   0.315473   0.476094
      0.17   0.969658   0.324526   0.486297
      0.18    0.96881   0.330103   0.492423
      0.19   0.967159   0.339727   0.502829
       0.2   0.966356   0.346006   0.509562
      0.21   0.959841   0.354021    0.51726
      0.22   0.936817   0.362432    0.52266
      0.23   0.924501   0.367467   0.525901
      0.24   0.915577    0.37758   0.534667
      0.25   0.908973   0.382581   0.538508
      0.26   0.897461   0.390692   0.544393
      0.27    0.88171   0.396382     0.5469
      0.28   0.877292   0.407403   0.556414
      0.29   0.876846   0.414628   0.563023
       0.3   0.872875   0.425975   0.572542
      0.31   0.867297   0.437474   0.581589
      0.32   0.866226    0.44604   0.588862
      0.33   0.865736   0.457952   0.599032
      0.34   0.863505   0.466798   0.606001
      0.35   0.861943    0.47939   0.616113
      0.36   0.860426   0.487242   0.622164
      0.37   0.858596   0.499746    0.63177
      0.38   0.854045   0.505303   0.634939
      0.39   0.843157   0.514026   0.638682
       0.4   0.837535   0.519566     0.6413
      0.41   0.828075   0.532761   0.648375
      0.42   0.820981   0.547193   0.656693
      0.43   0.818884   0.556134   0.662405
      0.44   0.813127     0.5664     0.6677
      0.45   0.809156   0.573066   0.670948
      0.46   0.797153   0.583848   0.674027
      0.47   0.784168   0.590632   0.673778
      0.48   0.780822    0.60309   0.680543
      0.49   0.777386    0.61284   0.685375
       0.5   0.774263   0.625542   0.692002
      0.51   0.773058   0.639675    0.70007
      0.52   0.771005   0.649399   0.704997
      0.53    0.76922   0.661374   0.711232
      0.54   0.768507   0.668148   0.714822
      0.55    0.76458   0.681069   0.720412
      0.56   0.763509   0.690173   0.724991
      0.57   0.761278   0.699408   0.729033
      0.58   0.758958   0.706006   0.731525
      0.59    0.75164   0.713542   0.732095
       0.6   0.751506   0.719021   0.734905
      0.61   0.751104    0.73122   0.741029
      0.62    0.75039   0.739425   0.744867
      0.63   0.749766   0.743958   0.746851
      0.64   0.749141    0.75424   0.751682
      0.65   0.748204   0.760027   0.754069
      0.66   0.747535   0.765449   0.756386
      0.67   0.745571   0.769231   0.757216
      0.68   0.745036   0.775524   0.759975
      0.69   0.744768   0.779859    0.76191
       0.7    0.74343   0.785714   0.763987
      0.71   0.740038   0.791651   0.764975
      0.72   0.737495   0.796152   0.765702
      0.73   0.734595   0.806951   0.769075
      0.74   0.733167   0.811594    0.77039
      0.75   0.732319   0.816885   0.772294
      0.76    0.73214   0.820692   0.773892
      0.77   0.731828   0.827927   0.776917
      0.78   0.731293   0.831802   0.778316
      0.79   0.727321   0.838959   0.779162
       0.8   0.726875    0.84284   0.780574
      0.81   0.723975   0.850647   0.782216
      0.82   0.722547     0.8537   0.782667
      0.83   0.722324   0.858974   0.784745
      0.84   0.720361   0.864583    0.78591
      0.85   0.719245   0.867834   0.786584
      0.86   0.718353    0.87367   0.788435
      0.87   0.717951   0.878136   0.790005
      0.88   0.717549   0.881418   0.791087
      0.89   0.715765   0.883785    0.79095
       0.9   0.714471   0.890815   0.792957
      0.91   0.709875   0.893079   0.791007
      0.92   0.708804   0.896286   0.791595
      0.93   0.705279   0.899414   0.790603
      0.94   0.702914   0.899557    0.78917
      0.95   0.699567   0.903307   0.788488
      0.96   0.698586    0.90587   0.788838
      0.97   0.695864    0.91054   0.788857
      0.98   0.694882   0.913561   0.789356
      0.99    0.69448   0.919414   0.791272
