         0          1   0.361785    0.53134
      0.01   0.965003   0.382176   0.547516
      0.02   0.965003   0.382466   0.547813
      0.03   0.965003   0.383268   0.548636
      0.04   0.964754   0.386475   0.551873
      0.05   0.962882   0.389152   0.554287
      0.06   0.962757   0.394831   0.560003
      0.07   0.962383   0.399613   0.564732
      0.08   0.961603   0.407814   0.572734
      0.09   0.961011    0.41353   0.578239
       0.1   0.959794    0.42266   0.586878
      0.11   0.957891   0.434261   0.597599
      0.12   0.956269     0.4424   0.604937
      0.13   0.950499    0.45483   0.615252
      0.14   0.946444   0.462744    0.62158
      0.15   0.937804   0.476424   0.631853
      0.16    0.93141   0.485917    0.63865
      0.17    0.92174    0.49875   0.647266
      0.18   0.911728   0.508706   0.653042
      0.19   0.895072   0.524381   0.661323
       0.2   0.883936   0.533312   0.665252
      0.21   0.867249   0.547196   0.671013
      0.22    0.83743   0.558422   0.670041
      0.23   0.817498   0.567167   0.669704
      0.24   0.797536   0.582855   0.673502
      0.25   0.782096   0.591597   0.673638
      0.26   0.758609   0.608518   0.675324
      0.27   0.740331   0.621639   0.675813
      0.28   0.719994   0.642939   0.679288
      0.29   0.704429   0.654499   0.678547
       0.3   0.674298   0.670277   0.672282
      0.31   0.652464   0.685674   0.668657
      0.32   0.642701   0.696602   0.668567
      0.33   0.619089   0.712069   0.662332
      0.34   0.606457   0.723745    0.65993
      0.35    0.58927   0.745508   0.658245
      0.36   0.579819   0.756115   0.656335
      0.37   0.562601   0.771961    0.65086
      0.38   0.552558   0.778928     0.6465
      0.39   0.534716   0.791513   0.638253
       0.4   0.522115   0.799053   0.631559
      0.41   0.506145   0.814557    0.62434
      0.42   0.484311   0.822125   0.609542
      0.43   0.474454   0.828311   0.603325
      0.44   0.458515   0.837698   0.592645
      0.45   0.451372   0.846359   0.588755
      0.46    0.43718   0.857945   0.579213
      0.47   0.428322   0.863467   0.572604
      0.48   0.417374   0.875766   0.565324
      0.49   0.411135   0.882326   0.560907
       0.5   0.400218   0.890417   0.552226
      0.51   0.389863   0.897397   0.543576
      0.52   0.378852   0.901036   0.533421
      0.53    0.36544   0.909881   0.521448
      0.54   0.359545   0.914286   0.516123
      0.55    0.34922    0.92021   0.506299
      0.56   0.343731   0.926347   0.501408
      0.57   0.336868   0.932298    0.49491
      0.58   0.331691   0.935546   0.489746
      0.59    0.32592   0.941567   0.484227
       0.6   0.319807   0.945541   0.477956
      0.61   0.313194    0.95039    0.47113
      0.62   0.304398   0.952628   0.461372
      0.63   0.300405   0.955438   0.457093
      0.64   0.287149   0.958496    0.44191
      0.65   0.284061   0.961631   0.438571
      0.66   0.278883   0.961221   0.432332
      0.67   0.273487   0.961993   0.425896
      0.68   0.266843   0.968254   0.418384
      0.69   0.261728   0.972072   0.412414
       0.7   0.256831   0.975926   0.406646
      0.71   0.246195   0.976213   0.393221
      0.72   0.239769   0.978641   0.385171
      0.73   0.234903   0.979187   0.378908
      0.74   0.228852   0.980847   0.371115
      0.75   0.226138   0.987539   0.368006
      0.76   0.224298    0.98944   0.365696
      0.77   0.221117   0.995676    0.36187
      0.78   0.219869   0.997817   0.360338
      0.79   0.215502          1    0.35459
       0.8   0.211447          1   0.349082
      0.81   0.208079          1   0.344479
      0.82   0.206737          1   0.342639
      0.83   0.206176          1   0.341867
      0.84   0.203182          1    0.33774
      0.85   0.200031          1   0.333377
      0.86   0.195945          1   0.327682
      0.87   0.194822          1   0.326111
      0.88   0.190549          1   0.320103
      0.89   0.187804          1   0.316221
       0.9   0.185059          1   0.312321
      0.91   0.183843          1   0.310586
      0.92   0.182969          1   0.309339
      0.93   0.180973          1   0.306481
      0.94   0.179819          1   0.304825
      0.95   0.178571          1    0.30303
      0.96   0.176482          1   0.300016
      0.97   0.175047          1    0.29794
      0.98   0.174298          1   0.296855
      0.99   0.172333          1      0.294
