         0          1   0.298178   0.459379
      0.01    0.93572   0.299687   0.453977
      0.02    0.93572   0.300557   0.454975
      0.03    0.93572   0.302001   0.456627
      0.04    0.93572   0.305899   0.461069
      0.05    0.93572   0.308561   0.464086
      0.06   0.935614   0.314878   0.471181
      0.07   0.935349   0.320713    0.47765
      0.08   0.933758   0.331145   0.488906
      0.09   0.933386   0.338521   0.496846
       0.1   0.931795   0.351452   0.510395
      0.11   0.928401   0.365669   0.524682
      0.12   0.925855   0.376944   0.535763
      0.13   0.918218   0.392759   0.550183
      0.14   0.913922   0.404377   0.560675
      0.15    0.90602   0.422014   0.575818
      0.16    0.89886   0.433923   0.585295
      0.17   0.886767   0.452023   0.598808
      0.18   0.876797   0.465024   0.607729
      0.19   0.855423   0.482576    0.61705
       0.2    0.83983   0.492765   0.621102
      0.21   0.818032   0.510566   0.628722
      0.22   0.801114   0.528067   0.636545
      0.23   0.786847   0.537002   0.638348
      0.24   0.768178   0.553304   0.643272
      0.25   0.755078   0.561795   0.644252
      0.26   0.729939   0.573984   0.642635
      0.27   0.717582   0.582288   0.642894
      0.28    0.69467   0.592667   0.639627
      0.29    0.67441   0.599101   0.634529
       0.3   0.643808   0.610352   0.626634
      0.31   0.620366   0.620492   0.620429
      0.32    0.60838   0.629444   0.618732
      0.33   0.594325   0.641513   0.617018
      0.34   0.583028   0.649634   0.614532
      0.35   0.569292   0.660203   0.611386
      0.36   0.558685   0.669065   0.608913
      0.37   0.541766   0.681665   0.603717
      0.38   0.527022   0.689742   0.597502
      0.39   0.508778   0.697245   0.588285
       0.4   0.498701   0.703838   0.583772
      0.41   0.483479   0.713529   0.576398
      0.42   0.462106   0.724515   0.564296
      0.43   0.452188   0.732056   0.559052
      0.44   0.433731   0.748261   0.549148
      0.45   0.425086   0.757719    0.54463
      0.46   0.415964   0.769798   0.540089
      0.47   0.403023   0.776782     0.5307
      0.48   0.384938    0.78776   0.517164
      0.49   0.374967   0.797273   0.510051
       0.5   0.356457   0.808645   0.494802
      0.51    0.34532   0.816475   0.485361
      0.52   0.341978   0.819839   0.482635
      0.53   0.328136   0.827883   0.469989
      0.54   0.323575   0.835821   0.466537
      0.55   0.312702   0.836915   0.455291
      0.56   0.305542   0.839179   0.447978
      0.57    0.29817   0.841168   0.440275
      0.58   0.289207    0.84368   0.430755
      0.59   0.282896   0.853012   0.424882
       0.6   0.277751   0.852101   0.418943
      0.61    0.26969   0.858686   0.410464
      0.62   0.264015   0.865475   0.404604
      0.63   0.260408   0.867058   0.400525
      0.64   0.252559   0.873539   0.391831
      0.65   0.247149   0.875421   0.385472
      0.66   0.239141   0.884892   0.376526
      0.67   0.234208   0.886392   0.370517
      0.68   0.227897   0.890789   0.362941
      0.69   0.221108   0.896122   0.354699
       0.7    0.21554   0.900593   0.347832
      0.71    0.20594   0.907233   0.335681
      0.72   0.200902   0.912829   0.329323
      0.73   0.195386   0.921502   0.322411
      0.74   0.193954   0.920277   0.320385
      0.75   0.191726   0.930481   0.317941
      0.76   0.188597   0.931408   0.313679
      0.77   0.185203   0.935424    0.30919
      0.78   0.180058   0.938318   0.302138
      0.79   0.176505   0.946463   0.297525
       0.8     0.1738   0.945419   0.293622
      0.81   0.172474   0.954092   0.292138
      0.82    0.17083   0.957317   0.289924
      0.83   0.168815   0.962887   0.287265
      0.84   0.166163   0.966316   0.283565
      0.85   0.164413   0.972103   0.281256
      0.86   0.159958    0.98234   0.275117
      0.87   0.155821   0.990991   0.269298
      0.88   0.155768   0.995444   0.269382
      0.89   0.155609          1    0.26931
       0.9   0.152851          1    0.26517
      0.91   0.149828          1   0.260609
      0.92   0.149191          1   0.259646
      0.93   0.144789          1   0.252953
      0.94   0.144418          1   0.252387
      0.95   0.141713          1   0.248246
      0.96   0.140387          1    0.24621
      0.97   0.133864          1    0.23612
      0.98   0.133015          1   0.234798
      0.99    0.12978          1   0.229744
