         0          1    0.48887   0.656699
      0.01   0.930248   0.563108   0.701548
      0.02   0.930248   0.564994    0.70301
      0.03   0.930248   0.567286   0.704781
      0.04   0.929661   0.571357   0.707744
      0.05   0.929588   0.574839   0.710388
      0.06   0.928683   0.582609   0.716022
      0.07   0.926458   0.587669   0.719161
      0.08   0.924307   0.596597   0.725146
      0.09   0.920028   0.603328   0.728758
       0.1   0.916068    0.61429   0.735424
      0.11   0.911129   0.625113   0.741496
      0.12   0.906924   0.635544   0.747361
      0.13   0.898465   0.651257   0.755144
      0.14   0.892304   0.662056   0.760127
      0.15   0.884284   0.678059   0.767561
      0.16   0.879933   0.691476   0.774403
      0.17   0.870618   0.710336   0.782352
      0.18   0.864921   0.724021   0.788224
      0.19   0.854261   0.742226   0.794312
       0.2   0.849641   0.752941   0.798373
      0.21   0.841793   0.768109   0.803265
      0.22   0.833162   0.785456   0.808606
      0.23   0.827343   0.794611   0.810647
      0.24   0.819251   0.809696   0.814445
      0.25   0.810278   0.818901   0.814567
      0.26   0.800499   0.830886   0.815409
      0.27   0.795218   0.838674   0.816368
      0.28    0.77825   0.848286    0.81176
      0.29   0.771869   0.854286   0.810989
       0.3   0.754315   0.861127    0.80419
      0.31   0.737152   0.868168   0.797314
      0.32   0.725368   0.874294   0.792898
      0.33   0.708792   0.881621   0.785816
      0.34   0.697252   0.886255   0.780474
      0.35   0.685125   0.893628   0.775608
      0.36   0.674466   0.898981   0.770705
      0.37   0.660066   0.906185   0.763788
      0.38   0.648672   0.911553   0.757966
      0.39   0.626791    0.91634     0.7444
       0.4   0.610606    0.92054   0.734204
      0.41   0.591658   0.925251   0.721773
      0.42   0.574935   0.931441   0.711002
      0.43   0.561415   0.934766   0.701508
      0.44   0.540805   0.940117   0.686626
      0.45   0.527725   0.942849   0.676695
      0.46   0.510562   0.948538   0.663817
      0.47   0.501198    0.95267   0.656836
      0.48    0.47714   0.954738   0.636289
      0.49   0.464574   0.955623   0.625206
       0.5   0.445088   0.959132   0.608022
      0.51   0.422498   0.960587   0.586871
      0.52   0.411447   0.962711   0.576505
      0.53   0.394015   0.963675   0.559336
      0.54   0.383062   0.964126   0.548283
      0.55   0.363259   0.963193   0.527555
      0.56   0.347416   0.963298   0.510661
      0.57    0.32749   0.961601   0.488584
      0.58   0.314361   0.961845   0.473852
      0.59   0.293995    0.96328   0.450498
       0.6   0.279668   0.963273   0.433483
      0.61   0.257445     0.9625   0.406232
      0.62   0.241724   0.964072   0.386532
      0.63   0.226444   0.963021   0.366669
      0.64   0.211677   0.965225   0.347209
      0.65    0.20378   0.967626    0.33666
      0.66   0.194758   0.965451    0.32413
      0.67   0.186397   0.965932   0.312492
      0.68   0.172241   0.964874   0.292303
      0.69   0.167058   0.965831   0.284846
       0.7   0.157841   0.964417   0.271282
      0.71   0.145078   0.963109   0.252171
      0.72   0.138404   0.962396   0.242005
      0.73   0.130898   0.962742   0.230462
      0.74   0.123784   0.960568   0.219306
      0.75   0.115373   0.961214   0.206019
      0.76   0.111584   0.959292   0.199914
      0.77   0.102538   0.956929   0.185228
      0.78  0.0965234   0.954183   0.175313
      0.79  0.0934184   0.953291   0.170162
       0.8  0.0872329   0.951327   0.159812
      0.81  0.0833456   0.948113   0.153222
      0.82  0.0779668   0.951777   0.144127
      0.83  0.0758887   0.949602   0.140546
      0.84   0.073346   0.953353   0.136213
      0.85  0.0712435    0.95122   0.132559
      0.86  0.0668427   0.951456    0.12491
      0.87  0.0629309   0.956081   0.118089
      0.88  0.0620752   0.964539   0.116644
      0.89  0.0602905    0.96337   0.113479
       0.9  0.0552051    0.96124   0.104414
      0.91  0.0538115   0.967213   0.101951
      0.92  0.0526625   0.966527  0.0998827
      0.93  0.0481884   0.968182  0.0918073
      0.94  0.0480172   0.971963  0.0915134
      0.95  0.0433231   0.970588  0.0829439
      0.96  0.0430052   0.984694  0.0824113
      0.97  0.0416117    0.98895   0.079863
      0.98  0.0397291   0.994186   0.076405
      0.99  0.0381644   0.993939  0.0735064
