         0          1   0.242084   0.389803
      0.01   0.993844    0.25232   0.402462
      0.02   0.993844   0.253045   0.403384
      0.03   0.993844   0.254671   0.405447
      0.04   0.993844   0.258749   0.410598
      0.05   0.993784   0.262671   0.415515
      0.06   0.993186   0.270663   0.425397
      0.07   0.993186   0.278149   0.434589
      0.08   0.992589    0.29145   0.450594
      0.09    0.99217   0.300701   0.461525
       0.1   0.991393   0.315937   0.479171
      0.11   0.986552   0.333158   0.498106
      0.12   0.984998   0.345586   0.511657
      0.13   0.979678   0.365996   0.532905
      0.14   0.975016   0.380809   0.547703
      0.15   0.966649   0.404537   0.570375
      0.16   0.960014   0.418542   0.582938
      0.17   0.946686    0.44159   0.602254
      0.18   0.939155   0.455823   0.613757
      0.19   0.929472   0.479794    0.63289
       0.2   0.924272   0.496949   0.646368
      0.21   0.916682   0.520175    0.66372
      0.22   0.901919   0.541585   0.676778
      0.23   0.890981    0.55715   0.685587
      0.24   0.878071   0.576939   0.696344
      0.25   0.872094   0.589069   0.703171
      0.26   0.858586    0.60729   0.711398
      0.27    0.84454   0.619439   0.714684
      0.28   0.829598   0.638081   0.721344
      0.29    0.81615   0.650173   0.723767
       0.3    0.78758   0.664259   0.720682
      0.31    0.74867   0.679991    0.71268
      0.32   0.724165   0.689647   0.706485
      0.33   0.704799   0.708953    0.70687
      0.34   0.696492   0.715745   0.705987
      0.35   0.676708   0.729108   0.701931
      0.36   0.658239   0.733626   0.693891
      0.37    0.63726   0.742999    0.68608
      0.38   0.613173   0.751066   0.675151
      0.39   0.597633   0.762487   0.670069
       0.4   0.584663   0.773766   0.666052
      0.41   0.568406   0.788788   0.660704
      0.42   0.540374   0.797447   0.644211
      0.43    0.52334   0.805149   0.634355
      0.44   0.498057    0.81438   0.618099
      0.45   0.486582   0.819248   0.610541
      0.46   0.477736   0.826625    0.60552
      0.47    0.46118   0.832975   0.593671
      0.48   0.437989   0.836839   0.575021
      0.49   0.426813   0.843917    0.56691
       0.5    0.41199   0.848866   0.554741
      0.51   0.391788     0.8499   0.536335
      0.52   0.380671   0.850242    0.52589
      0.53   0.367043   0.852174   0.513091
      0.54   0.356464   0.854354   0.503043
      0.55   0.337159   0.860079    0.48442
      0.56   0.328492   0.861475   0.475623
      0.57   0.309067   0.864304   0.455317
      0.58   0.298727    0.86821    0.44451
      0.59    0.28492   0.878618   0.430301
       0.6   0.281513   0.879886   0.426554
      0.61   0.265316    0.88477   0.408219
      0.62    0.25647    0.88634   0.397826
      0.63   0.245891   0.886388   0.384984
      0.64   0.237045   0.889135   0.374301
      0.65    0.23322   0.890271   0.369614
      0.66   0.224613   0.896149   0.359196
      0.67   0.215229   0.897252   0.347179
      0.68   0.211703   0.899756   0.342758
      0.69   0.209252    0.90375   0.339823
       0.7    0.20471   0.912533   0.334403
      0.71   0.199151   0.915646   0.327148
      0.72   0.195804   0.920056   0.322891
      0.73   0.186899   0.932153   0.311367
      0.74   0.181101   0.933434   0.303348
      0.75   0.173271   0.940157   0.292614
      0.76   0.170522   0.944715   0.288897
      0.77   0.164545   0.957192   0.280816
      0.78   0.156356   0.960714   0.268942
      0.79    0.15295   0.965138   0.264054
       0.8   0.147212   0.970986   0.255662
      0.81   0.135915   0.981781   0.238775
      0.82   0.132688   0.983299   0.233823
      0.83   0.128922   0.985201   0.228008
      0.84   0.125217   0.984749   0.222182
      0.85   0.125217   0.984581   0.222177
      0.86   0.123005    0.98861   0.218788
      0.87     0.1193   0.988235   0.212898
      0.88   0.112964   0.990074    0.20279
      0.89   0.112426   0.989924    0.20192
       0.9    0.10878   0.989189   0.196006
      0.91   0.100293   0.997085   0.182254
      0.92  0.0965274          1    0.17606
      0.93  0.0917459          1   0.168072
      0.94  0.0873229          1    0.16062
      0.95  0.0771024          1   0.143166
      0.96  0.0742932          1   0.138311
      0.97  0.0680175          1   0.127371
      0.98  0.0664635          1   0.124643
      0.99  0.0602474          1   0.113648
