         0          1   0.319512   0.484288
      0.01   0.910963     0.3002   0.451584
      0.02   0.910963   0.300214   0.451601
      0.03   0.910963   0.300448   0.451864
      0.04   0.910963   0.301223   0.452741
      0.05   0.910539   0.301699   0.453225
      0.06   0.910043   0.302812   0.454418
      0.07   0.908628   0.303257   0.454743
      0.08   0.906717   0.304225   0.455589
      0.09   0.904452   0.305253   0.456453
       0.1   0.901621   0.307092   0.458141
      0.11   0.897162   0.308622    0.45926
      0.12   0.892278   0.309899   0.460026
      0.13   0.882936   0.310346   0.459264
      0.14   0.874513   0.312062   0.459983
      0.15   0.867365   0.313527   0.460572
      0.16   0.857952   0.313835   0.459564
      0.17    0.84139   0.314773   0.458148
      0.18   0.823413   0.312986   0.453568
      0.19   0.796022   0.311997   0.448289
       0.2   0.774365   0.312103   0.444895
      0.21   0.746904   0.312724   0.440862
      0.22   0.712435   0.310424   0.432429
      0.23   0.694529   0.310956    0.42958
      0.24    0.66176   0.308694   0.421001
      0.25   0.637766    0.31006   0.417262
      0.26   0.607757   0.311605   0.411981
      0.27   0.587515   0.309429   0.405363
      0.28   0.556303   0.308089   0.396558
      0.29   0.529478   0.307203   0.388815
       0.3   0.494586   0.306093   0.378152
      0.31   0.468186   0.306945   0.370795
      0.32   0.444971   0.307172   0.363449
      0.33   0.410008   0.309142   0.352501
      0.34   0.392314   0.310894   0.346891
      0.35   0.359544   0.309633   0.332727
      0.36   0.339798     0.3125   0.325578
      0.37   0.314035   0.315592   0.314812
      0.38   0.296695   0.314825   0.305491
      0.39   0.273976   0.316521   0.293715
       0.4   0.254158   0.315927   0.281696
      0.41   0.216293   0.313047   0.255827
      0.42   0.197466   0.318513   0.243791
      0.43   0.190955   0.323374   0.240118
      0.44   0.177083   0.327756   0.229934
      0.45   0.167315   0.327843   0.221558
      0.46   0.154009   0.331716   0.210355
      0.47   0.147427   0.336418   0.205013
      0.48   0.134971   0.340473   0.193309
      0.49   0.130016    0.34793   0.189296
       0.5   0.121948   0.352466   0.181202
      0.51   0.107863   0.343685   0.164195
      0.52   0.101918   0.344207   0.157269
      0.53  0.0950527   0.348837   0.149397
      0.54  0.0888952   0.354196   0.142121
      0.55  0.0770047   0.368078   0.127364
      0.56  0.0705641   0.376554   0.118855
      0.57  0.0663883      0.388   0.113377
      0.58  0.0653974   0.401316   0.112467
      0.59  0.0597353    0.40796   0.104211
       0.6  0.0584613   0.420613   0.102655
      0.61  0.0513129   0.407643  0.0911519
      0.62  0.0416873   0.395604  0.0754265
      0.63   0.036096   0.391837  0.0661026
      0.64  0.0286644   0.388128  0.0533862
      0.65  0.0268243    0.40201  0.0502927
      0.66  0.0257626   0.431034  0.0486193
      0.67  0.0237101    0.42236  0.0448997
      0.68  0.0222946   0.432432   0.042403
      0.69  0.0208083   0.454545  0.0397948
       0.7  0.0177649   0.478632  0.0342582
      0.71  0.0137306   0.462366  0.0266693
      0.72  0.0118197   0.460674   0.023048
      0.73 0.00785618   0.418919  0.0154231
      0.74 0.00707764   0.405797  0.0139126
      0.75 0.00665298   0.390625  0.0130831
      0.76 0.00580367   0.387097  0.0114359
      0.77 0.00580367   0.393443  0.0114386
      0.78 0.00559134   0.410714  0.0110325
      0.79 0.00530823   0.407407  0.0104799
       0.8 0.00474202   0.392157 0.00937073
      0.81 0.00474202        0.4 0.00937292
      0.82 0.00283106   0.384615 0.00562074
      0.83 0.00261873   0.323529  0.0051954
      0.84  0.0024064       0.25 0.00476691
      0.85 0.00219407   0.192308 0.00433864
      0.86 0.00162786   0.136364 0.00321731
      0.87 0.00141553        0.1 0.00279154
      0.88 0.00141553   0.105263 0.00279349
      0.89 0.00134475     0.0625 0.00263286
       0.9          0          0          0
      0.91          0          0          0
      0.92          0          0          0
      0.93          0          0          0
      0.94          0          0          0
      0.95          0          0          0
      0.96          0          0          0
      0.97          0          0          0
      0.98          0          0          0
      0.99          0          0          0
