         0          1   0.384732   0.555677
      0.01   0.866693   0.433359   0.577807
      0.02   0.866693   0.434667   0.578968
      0.03   0.866235   0.436261   0.580278
      0.04    0.86572   0.440063   0.583514
      0.05   0.865376   0.444063   0.586941
      0.06   0.863944   0.451659     0.5932
      0.07   0.862168   0.457433   0.597732
      0.08   0.857298    0.47012   0.607244
      0.09   0.853517   0.480648   0.614978
       0.1   0.845211   0.499412   0.627847
      0.11   0.833009   0.517558   0.638444
      0.12   0.820864   0.529952   0.644083
      0.13   0.804365   0.550492   0.653643
      0.14   0.787122   0.563092   0.656521
      0.15   0.769936    0.58221   0.663041
      0.16   0.759223   0.595098   0.667216
      0.17   0.730866   0.613668   0.667159
      0.18   0.717289   0.627182   0.669216
      0.19   0.692484   0.644635   0.667703
       0.2   0.673923   0.655461   0.664564
      0.21   0.649175   0.671918   0.660351
      0.22   0.625115   0.691653   0.656703
      0.23   0.608387   0.701358   0.651573
      0.24   0.580087   0.715588   0.640752
      0.25    0.56439   0.725444   0.634862
      0.26   0.544054   0.740866   0.627387
      0.27   0.533226   0.752649   0.624217
      0.28   0.502005   0.765472   0.606356
      0.29   0.487626   0.772086   0.597739
       0.3   0.465227   0.778529   0.582417
      0.31   0.440995   0.790462   0.566142
      0.32   0.425985   0.793346   0.554326
      0.33   0.397857   0.796538   0.530659
      0.34   0.382333    0.80159   0.517727
      0.35   0.361022   0.801891   0.497888
      0.36   0.348018   0.800701   0.485164
      0.37    0.33003   0.798571   0.467042
      0.38   0.319833   0.795339   0.456209
      0.39     0.2956    0.78895   0.430066
       0.4   0.280763    0.78167   0.413135
      0.41   0.271311   0.776241   0.402085
      0.42   0.254583   0.775663   0.383346
      0.43   0.246849    0.76839   0.373659
      0.44   0.225367   0.767145   0.348387
      0.45   0.218034    0.76661   0.339507
      0.46    0.20778   0.763011   0.326616
      0.47   0.196895   0.756194   0.312439
      0.48   0.183433    0.74482   0.294369
      0.49   0.170658   0.730679   0.276691
       0.5   0.163096   0.726811   0.266409
      0.51   0.148144   0.719101   0.245676
      0.52   0.138978   0.716841   0.232818
      0.53   0.129698   0.731629   0.220336
      0.54   0.126146   0.734558   0.215315
      0.55   0.122594   0.738053   0.210262
      0.56     0.1195   0.737705   0.205683
      0.57   0.115261   0.754352   0.199968
      0.58   0.114115       0.76   0.198436
      0.59   0.110163   0.761194    0.19247
       0.6   0.109533   0.775281   0.191947
      0.61   0.103059   0.775904   0.181951
      0.62  0.0995073   0.772727    0.17631
      0.63  0.0981897   0.776316    0.17433
      0.64  0.0941224   0.784091    0.16807
      0.65  0.0935495    0.78655   0.167211
      0.66  0.0916017   0.803175   0.164448
      0.67  0.0899977   0.812081   0.162038
      0.68  0.0867896   0.814286   0.156861
      0.69  0.0835816   0.836576   0.151979
       0.7  0.0800871   0.842105   0.146264
      0.71  0.0761343   0.849138   0.139739
      0.72  0.0755614   0.857778   0.138888
      0.73  0.0751604   0.863014   0.138278
      0.74   0.070291   0.872549   0.130101
      0.75  0.0671402   0.891753   0.124878
      0.76  0.0651352   0.898396   0.121464
      0.77   0.062099   0.903955   0.116214
      0.78  0.0588336   0.901734    0.11046
      0.79  0.0584899   0.920732   0.109993
       0.8  0.0578598   0.936709   0.108987
      0.81  0.0561412   0.958904   0.106072
      0.82  0.0548808   0.984848   0.103968
      0.83  0.0548808          1   0.104051
      0.84  0.0536778          1   0.101887
      0.85  0.0533914          1    0.10137
      0.86  0.0523029          1  0.0994066
      0.87  0.0513863          1  0.0977497
      0.88  0.0457149          1  0.0874329
      0.89  0.0444546          1  0.0851251
       0.9  0.0422777          1  0.0811256
      0.91  0.0416476          1  0.0799648
      0.92  0.0372365          1  0.0717994
      0.93  0.0344867          1  0.0666741
      0.94  0.0339138          1  0.0656028
      0.95  0.0335128          1  0.0648523
      0.96  0.0306485          1  0.0594742
      0.97  0.0305912          1  0.0593663
      0.98  0.0302475          1  0.0587189
      0.99  0.0287007          1     0.0558
