         0          1   0.289124   0.448559
      0.01   0.970665   0.378936    0.54508
      0.02   0.970665   0.380702   0.546905
      0.03   0.970617   0.383348   0.549621
      0.04    0.97052   0.388189   0.554564
      0.05   0.970277   0.393603   0.560026
      0.06   0.968144   0.403521   0.569624
      0.07   0.966738   0.412581    0.57834
      0.08    0.96572    0.42863   0.593734
      0.09   0.965429    0.44007   0.604563
       0.1    0.96475   0.459493   0.622501
      0.11   0.963974   0.479966    0.64085
      0.12   0.962665   0.492116   0.651291
      0.13   0.960725     0.5119   0.667916
      0.14   0.958834   0.524201   0.677829
      0.15   0.955004   0.543358   0.692635
      0.16   0.951949    0.55526   0.701402
      0.17   0.946422   0.572355   0.713323
      0.18   0.943512   0.585552   0.722632
      0.19   0.937258   0.604378   0.734879
       0.2    0.93333   0.616016   0.742179
      0.21   0.928966   0.633165   0.753059
      0.22   0.925378    0.64838   0.762502
      0.23   0.916941   0.659214   0.767007
      0.24   0.908699   0.674256   0.774117
      0.25   0.901959   0.683769   0.777853
      0.26   0.897692   0.695902   0.784021
      0.27   0.893522    0.70292   0.786843
      0.28   0.884067   0.710953   0.788115
      0.29   0.877715   0.717226   0.789396
       0.3   0.867824   0.724624   0.789785
      0.31    0.85832   0.733553   0.791047
      0.32   0.849205   0.738875   0.790207
      0.33   0.838489   0.749607   0.791561
      0.34   0.832622   0.754953   0.791888
      0.35   0.819919   0.764804   0.791403
      0.36   0.811773   0.769231   0.789929
      0.37   0.802415   0.774457   0.788188
      0.38   0.798827   0.779933   0.789267
      0.39   0.781371    0.78726   0.784305
       0.4   0.774001   0.792516   0.783149
      0.41   0.765516   0.796772   0.780831
      0.42   0.759358   0.803858   0.780975
      0.43   0.753103   0.807202   0.779215
      0.44   0.746073   0.815329   0.779165
      0.45   0.742194   0.819299   0.778843
      0.46   0.734387   0.823161   0.776244
      0.47   0.728714   0.826046   0.774333
      0.48   0.724447     0.8289   0.773162
      0.49   0.717465   0.832039   0.770516
       0.5   0.711065   0.834737   0.767954
      0.51   0.701949   0.839186   0.764457
      0.52   0.698216   0.843523   0.764022
      0.53   0.688373   0.846482   0.759284
      0.54   0.682166   0.850244   0.756988
      0.55   0.666796   0.856029   0.749655
      0.56   0.662578    0.85956   0.748323
      0.57   0.648225   0.863926   0.740691
      0.58   0.638043   0.864642   0.734257
      0.59    0.62597   0.866768   0.726947
       0.6   0.610502    0.86943   0.717315
      0.61   0.596053   0.873006   0.708423
      0.62     0.5721    0.87419   0.691596
      0.63   0.556391   0.873471   0.679774
      0.64   0.538547    0.87428   0.666523
      0.65   0.533747   0.876516   0.663476
      0.66   0.525892   0.878327   0.657882
      0.67   0.517019    0.87933    0.65117
      0.68   0.502667   0.886004   0.641426
      0.69    0.49777   0.889624   0.638359
       0.7   0.488218   0.894468   0.631662
      0.71   0.479878   0.897648   0.625413
      0.72   0.470374   0.899646   0.617758
      0.73    0.45961   0.899638   0.608399
      0.74   0.453258    0.90083   0.603075
      0.75   0.441912    0.90289   0.593393
      0.76   0.433282   0.907946   0.586621
      0.77   0.423342   0.909636   0.577784
      0.78   0.418687   0.909553   0.573417
      0.79   0.406032   0.913043   0.562098
       0.8   0.400795   0.913738   0.557189
      0.81   0.394104   0.919934    0.55181
      0.82   0.384503    0.92382   0.543003
      0.83   0.380431   0.925347   0.539189
      0.84   0.364236   0.927449   0.523053
      0.85   0.356866   0.927239   0.515378
      0.86   0.345326   0.927974   0.503343
      0.87   0.335822   0.927488   0.493103
      0.88   0.325398   0.928328   0.481885
      0.89   0.320646   0.928022   0.476614
       0.9   0.311142   0.926619   0.465858
      0.91   0.292232   0.928517   0.444551
      0.92   0.280159   0.930269    0.43063
      0.93   0.260716   0.933166   0.407563
      0.94   0.251843   0.934085   0.396723
      0.95   0.235599   0.941341   0.376874
      0.96   0.226969   0.946705   0.366153
      0.97    0.21281   0.954035   0.347996
      0.98    0.20544   0.956568   0.338238
      0.99   0.189391   0.960603   0.316401
