         0          1   0.108911   0.196429
      0.01   0.987393   0.192998   0.322885
      0.02   0.987393   0.192952    0.32282
      0.03   0.987393    0.19283   0.322649
      0.04   0.987393   0.192756   0.322546
      0.05   0.987393   0.192487   0.322169
      0.06   0.987393    0.19167   0.321023
      0.07   0.987393   0.191069    0.32018
      0.08   0.986856   0.190153   0.318865
      0.09   0.986186   0.189594   0.318044
       0.1   0.982833   0.188622   0.316502
      0.11   0.980687   0.189391   0.317471
      0.12   0.977065   0.189681   0.317688
      0.13   0.975724   0.190252   0.318417
      0.14   0.971969   0.190207   0.318153
      0.15   0.963385   0.187242   0.313543
      0.16   0.957216    0.18701    0.31289
      0.17   0.938707   0.185675   0.310027
      0.18   0.923954   0.185972   0.309623
      0.19   0.890692   0.184249   0.305336
       0.2   0.875671   0.183818   0.303852
      0.21   0.847103   0.183901   0.302197
      0.22   0.826046   0.184019   0.300987
      0.23   0.809013   0.184826   0.300907
      0.24   0.786212   0.187392   0.302648
      0.25   0.762607    0.18887   0.302758
      0.26   0.713922   0.191005   0.301379
      0.27   0.690853   0.191964   0.300445
      0.28   0.657457   0.197296   0.303512
      0.29   0.644179   0.197746   0.302601
       0.3    0.60904   0.202494   0.303935
      0.31    0.57095   0.207518   0.304399
      0.32   0.557135   0.211007   0.306088
      0.33   0.526824   0.214874   0.305248
      0.34   0.506572    0.21972     0.3065
      0.35   0.469689   0.222455   0.301916
      0.36   0.454399   0.226294   0.302126
      0.37   0.425563   0.233007   0.301135
      0.38   0.407591   0.237366   0.300014
      0.39   0.387876   0.244556   0.299976
       0.4   0.366819   0.248003    0.29593
      0.41   0.333289    0.25208   0.287051
      0.42   0.315182    0.26219   0.286254
      0.43   0.303514   0.269078   0.285261
      0.44   0.280982   0.276164   0.278552
      0.45   0.269582   0.285041   0.277096
      0.46   0.253487   0.294922   0.272639
      0.47   0.243965   0.298621    0.26854
      0.48   0.228943   0.299773   0.259614
      0.49   0.221164   0.297667   0.253775
       0.5   0.210703    0.30583   0.249507
      0.51   0.182403   0.305694   0.228478
      0.52    0.17677   0.308995   0.224887
      0.53   0.162822   0.309859   0.213471
      0.54   0.151422   0.305106   0.202396
      0.55   0.132913   0.303155   0.184803
      0.56    0.11816   0.302594   0.169954
      0.57  0.0962983   0.301766   0.146004
      0.58  0.0949571   0.307563   0.145112
      0.59   0.089324   0.313208   0.139005
       0.6  0.0887876   0.322709    0.13926
      0.61  0.0848981   0.321739   0.134346
      0.62  0.0816792   0.322506   0.130346
      0.63  0.0812768   0.332512   0.130625
      0.64  0.0780579   0.338753   0.126879
      0.65  0.0752414    0.33908   0.123155
      0.66  0.0710837   0.343949   0.117818
      0.67  0.0634388   0.347826   0.107306
      0.68   0.058074   0.352941   0.099737
      0.69  0.0541845   0.353846  0.0939782
       0.7   0.052441   0.363265  0.0916512
      0.71  0.0439914   0.395349  0.0791731
      0.72  0.0439914   0.411765  0.0794904
      0.73  0.0421137   0.417112  0.0765033
      0.74  0.0406384   0.423729   0.074164
      0.75  0.0401019   0.436364  0.0734535
      0.76   0.036883   0.450331  0.0681819
      0.77  0.0324571   0.464286  0.0606727
      0.78  0.0324571        0.5  0.0609572
      0.79  0.0320547      0.512  0.0603322
       0.8  0.0252146   0.533898   0.048155
      0.81  0.0252146   0.575472  0.0483124
      0.82   0.023471   0.606383  0.0451928
      0.83   0.023471   0.640449  0.0452826
      0.84  0.0229345   0.682927  0.0443787
      0.85  0.0229345     0.6875  0.0443883
      0.86  0.0229345   0.705128  0.0444242
      0.87  0.0229345   0.723684  0.0444601
      0.88  0.0223981   0.742857   0.043485
      0.89  0.0218616       0.75  0.0424848
       0.9  0.0218616   0.769231  0.0425149
      0.91  0.0218616   0.765625  0.0425094
      0.92  0.0218616   0.786885  0.0425413
      0.93  0.0218616    0.79661  0.0425553
      0.94  0.0214592   0.807018  0.0418068
      0.95  0.0198498   0.792453  0.0387295
      0.96  0.0198498   0.816327  0.0387572
      0.97  0.0195815   0.844444  0.0382755
      0.98  0.0195815   0.837209   0.038268
      0.99  0.0175697       0.85  0.0344279
