         0          1   0.354609   0.523559
      0.01   0.953311   0.396456   0.560016
      0.02   0.953311   0.396678   0.560238
      0.03   0.953311   0.397047   0.560606
      0.04    0.95327   0.398095   0.561643
      0.05    0.95327   0.399105   0.562647
      0.06    0.95323   0.400636    0.56416
      0.07   0.953109   0.401865   0.565356
      0.08   0.952908   0.404948   0.568364
      0.09   0.952747   0.406432   0.569796
       0.1   0.951982   0.410691   0.573829
      0.11    0.95158   0.415479   0.578412
      0.12   0.951218   0.419829   0.582546
      0.13   0.950453   0.425815   0.588137
      0.14   0.950091    0.43078   0.592786
      0.15   0.949608   0.438415   0.599878
      0.16   0.948239   0.444013    0.60482
      0.17   0.944576   0.452868   0.612215
      0.18   0.943127   0.458997   0.617481
      0.19    0.94035   0.469149   0.625987
       0.2   0.939263   0.475083   0.631003
      0.21   0.934353    0.48508   0.638615
      0.22   0.931254   0.494149   0.645682
      0.23   0.929121   0.501376   0.651297
      0.24    0.92417   0.511797   0.658772
      0.25   0.921594   0.519086   0.664112
      0.26   0.917609   0.529633   0.671617
      0.27   0.915355   0.537476   0.677273
      0.28    0.91133   0.548268   0.684645
      0.29   0.903361   0.555441   0.687912
       0.3   0.897082   0.565703   0.693857
      0.31   0.890119   0.574442    0.69826
      0.32     0.8838   0.580654   0.700851
      0.33   0.877843    0.59161   0.706849
      0.34   0.871604   0.597925    0.70928
      0.35   0.863353   0.607165   0.712943
      0.36    0.85808    0.61252   0.714798
      0.37   0.842544   0.621552    0.71537
      0.38    0.83067   0.627514    0.71494
      0.39   0.822178    0.63672   0.717661
       0.4   0.817589   0.642537   0.719569
      0.41   0.809781   0.650321   0.721344
      0.42   0.800563    0.66229   0.724892
      0.43   0.796297   0.667652   0.726322
      0.44   0.783538   0.674937   0.725194
      0.45   0.774079   0.680625    0.72435
      0.46     0.7678   0.690408   0.727051
      0.47   0.757939   0.694845   0.725022
      0.48   0.747796   0.702926   0.724667
      0.49   0.742041   0.707926   0.724582
       0.5   0.728316    0.71219   0.720163
      0.51   0.719139    0.71819   0.718664
      0.52   0.710928   0.722746   0.716788
      0.53   0.694989   0.730252   0.712184
      0.54   0.688026    0.73474   0.710616
      0.55   0.671805   0.742439   0.705358
      0.56   0.665929   0.746661   0.703988
      0.57   0.651358   0.752837   0.698431
      0.58   0.641336   0.757832   0.694735
      0.59   0.629503   0.766242   0.691175
       0.6   0.622459   0.773788   0.689923
      0.61   0.609901   0.780612   0.684778
      0.62   0.602536   0.788756   0.683183
      0.63   0.594848   0.794702   0.680403
      0.64   0.586798   0.802444   0.677884
      0.65   0.578225   0.806106   0.673409
      0.66   0.569934    0.81028    0.66918
      0.67   0.558825   0.813536   0.662543
      0.68   0.545864   0.818884   0.655065
      0.69   0.535238   0.823857   0.648902
       0.7   0.523365   0.827856   0.641303
      0.71   0.514349   0.830688   0.635319
      0.72   0.509398   0.836086   0.633082
      0.73   0.499094   0.840699   0.626348
      0.74   0.491769    0.84143   0.620746
      0.75   0.482512   0.847256   0.614861
      0.76   0.473858   0.850843   0.608709
      0.77   0.464279   0.854922   0.601761
      0.78   0.455907   0.857847    0.59539
      0.79   0.442946   0.861472   0.585067
       0.8   0.429986   0.864723   0.574366
      0.81   0.419199    0.86748   0.565249
      0.82   0.407849   0.870039   0.555361
      0.83   0.402053   0.872987    0.55055
      0.84   0.389173   0.877617   0.539229
      0.85   0.382089   0.879847     0.5328
      0.86   0.372751   0.882265   0.524081
      0.87   0.367197   0.881001   0.518348
      0.88   0.357939   0.882729   0.509344
      0.89   0.350815   0.883875   0.502274
       0.9   0.336164   0.884259   0.487136
      0.91   0.323405   0.885316    0.47375
      0.92   0.309881   0.886507   0.459235
      0.93   0.295955   0.887782   0.443922
      0.94   0.288428   0.887295   0.435342
      0.95   0.274019   0.890332   0.419062
      0.96   0.265406   0.893713    0.40927
      0.97   0.255424   0.898734   0.397793
      0.98   0.249628   0.900826   0.390926
      0.99   0.244114   0.905382   0.384544
