         0          1   0.308236   0.471224
      0.01   0.894165   0.442603   0.592115
      0.02   0.894165   0.443232   0.592677
      0.03   0.893863   0.444533   0.593773
      0.04   0.893863   0.447748   0.596634
      0.05   0.893863   0.450787   0.599326
      0.06   0.893813   0.454019   0.602164
      0.07   0.893511   0.455782   0.603643
      0.08   0.892907   0.458568   0.605944
      0.09   0.892254   0.460323   0.607322
       0.1   0.890946   0.463746   0.609988
      0.11   0.890443   0.467772    0.61334
      0.12   0.888984   0.469513   0.614488
      0.13   0.887676   0.472276   0.616533
      0.14   0.886167   0.474154   0.617766
      0.15   0.882243   0.475005   0.617529
      0.16    0.87837   0.476497   0.617833
      0.17   0.873742   0.479217   0.618957
      0.18    0.87163   0.481828   0.620597
      0.19   0.866398   0.485234   0.622072
       0.2    0.86333   0.487322   0.622988
      0.21   0.856841   0.490137   0.623573
      0.22   0.846328    0.49385   0.623737
      0.23   0.836821   0.495537   0.622469
      0.24   0.827364   0.498089   0.621826
      0.25   0.820976   0.500046   0.621527
      0.26   0.807445   0.503978     0.6206
      0.27    0.80005   0.506253   0.620113
      0.28   0.791197    0.51084   0.620835
      0.29   0.787827   0.514566    0.62253
       0.3   0.777163   0.517663    0.62141
      0.31   0.764085   0.520098   0.618913
      0.32   0.755986   0.522652   0.618029
      0.33   0.736016   0.526411   0.613813
      0.34   0.721881   0.528837   0.610461
      0.35   0.706237   0.534793   0.608673
      0.36   0.694014   0.539121    0.60684
      0.37   0.678974   0.544792   0.604527
      0.38   0.672787    0.54744   0.603675
      0.39   0.663632   0.552795   0.603164
       0.4   0.657445   0.556831   0.602969
      0.41   0.649044   0.560895   0.601759
      0.42   0.631942   0.560209   0.593917
      0.43   0.624447   0.560568   0.590786
      0.44   0.606187   0.561496   0.582986
      0.45   0.598189   0.562561   0.579828
      0.46    0.58506   0.562142   0.573372
      0.47   0.573742   0.563659   0.568656
      0.48   0.559457   0.564398   0.561917
      0.49   0.551258   0.563232    0.55718
       0.5   0.535966   0.566498   0.550809
      0.51   0.513078   0.565173   0.537867
      0.52   0.497082   0.564597   0.528693
      0.53   0.470423    0.56439    0.51314
      0.54    0.46001   0.564511   0.506931
      0.55   0.450905   0.569985     0.5035
      0.56   0.441147   0.571928   0.498096
      0.57   0.426861   0.571859   0.488835
      0.58   0.418008   0.575333   0.484212
      0.59   0.404628   0.578731   0.476267
       0.6   0.396026   0.580194   0.470738
      0.61   0.383903    0.58396   0.463256
      0.62   0.370272    0.58723   0.454171
      0.63    0.35664   0.586679   0.443611
      0.64   0.337626   0.590164   0.429525
      0.65   0.324598   0.592853   0.419507
      0.66   0.309708   0.602353   0.409081
      0.67   0.301107   0.599628   0.400899
      0.68   0.288934   0.600542   0.390155
      0.69   0.280684   0.601574   0.382773
       0.7   0.265543   0.614049   0.370755
      0.71   0.241499   0.628028   0.348852
      0.72   0.225252   0.629663   0.331805
      0.73   0.215241   0.628737   0.320696
      0.74   0.207596   0.637652   0.313219
      0.75   0.197586   0.640943   0.302055
      0.76    0.18667   0.638393   0.288872
      0.77   0.181439   0.648235   0.283521
      0.78   0.178018   0.657283   0.280158
      0.79   0.171932   0.665806   0.273291
       0.8   0.169064   0.671582   0.270127
      0.81   0.160211   0.687045   0.259832
      0.82   0.155734   0.694099   0.254391
      0.83   0.151157   0.694805   0.248296
      0.84   0.147133   0.702609   0.243313
      0.85   0.139839   0.714286   0.233889
      0.86   0.132394   0.727811   0.224035
      0.87   0.126811    0.73706   0.216392
      0.88   0.122435   0.747788   0.210418
      0.89   0.118109    0.75174   0.204144
       0.9   0.109909    0.75827    0.19199
      0.91  0.0998994   0.764706   0.176713
      0.92  0.0964789   0.763006   0.171298
      0.93  0.0924044   0.764526   0.164881
      0.94  0.0885815   0.769481   0.158874
      0.95  0.0853119    0.77193   0.153643
      0.96   0.084507   0.771739   0.152333
      0.97  0.0805835   0.779923   0.146074
      0.98  0.0786217   0.779116    0.14283
      0.99  0.0751509   0.778261   0.137066
