         0          1   0.363236   0.532903
      0.01   0.974253   0.346146   0.510806
      0.02   0.974253   0.348683   0.513563
      0.03   0.974253   0.351119   0.516201
      0.04   0.974124   0.356897   0.522398
      0.05   0.973952   0.361496   0.527284
      0.06   0.972746    0.37003   0.536121
      0.07   0.970981   0.376767   0.542881
      0.08   0.965168   0.388426   0.553928
      0.09   0.960777   0.397063   0.561906
       0.1   0.944157   0.410701   0.572408
      0.11   0.923835   0.425554   0.582696
      0.12   0.905494    0.43643   0.588983
      0.13   0.875872   0.453786   0.597836
      0.14   0.845217   0.464576   0.599587
      0.15   0.793464   0.480086   0.598219
      0.16   0.757642   0.490318   0.595349
      0.17   0.706191   0.504982   0.588874
      0.18   0.671876   0.515203   0.583201
      0.19   0.623999   0.532393   0.574567
       0.2   0.594463   0.544209   0.568227
      0.21   0.543012   0.559994   0.551372
      0.22   0.493843   0.583551   0.534962
      0.23   0.466503   0.599378   0.524658
      0.24   0.428313   0.627484   0.509112
      0.25   0.411995   0.645789   0.503055
      0.26   0.383191   0.674992   0.488859
      0.27   0.371351   0.696082   0.484322
      0.28   0.335572   0.726693   0.459128
      0.29    0.32102   0.747497   0.449148
       0.3   0.299923   0.782957   0.433707
      0.31   0.281021   0.804837   0.416585
      0.32   0.269827   0.821818   0.406265
      0.33   0.260656   0.853985   0.399405
      0.34   0.252045   0.876437   0.391502
      0.35   0.242056   0.889061   0.380514
      0.36   0.235684   0.901135   0.373645
      0.37   0.227504   0.918525   0.364682
      0.38   0.223112   0.924579   0.359478
      0.39   0.222165   0.935041   0.359026
       0.4   0.220098   0.938375   0.356564
      0.41   0.215663   0.944821    0.35117
      0.42   0.212348      0.951   0.347176
      0.43   0.211186   0.954268   0.345836
      0.44   0.209033   0.961175   0.343387
      0.45   0.207655   0.967846   0.341945
      0.46   0.206751    0.97467   0.341138
      0.47   0.205632     0.9787   0.339857
      0.48   0.203737   0.984919   0.337633
      0.49   0.201627   0.989336   0.334985
       0.5   0.200077   0.993983   0.333105
      0.51   0.199647   0.993888   0.332503
      0.52   0.198743    0.99505   0.331312
      0.53   0.198054   0.996203   0.330418
      0.54   0.196289   0.997423   0.328024
      0.55   0.194265   0.997368    0.32519
      0.56    0.19405   0.997347   0.324888
      0.57   0.192715   0.998628   0.323082
      0.58   0.192457   0.998611   0.322718
      0.59   0.190691          1   0.320304
       0.6   0.187678          1   0.316041
      0.61   0.185998          1   0.313657
      0.62   0.184104          1   0.310959
      0.63    0.18376          1   0.310468
      0.64   0.181779          1   0.307636
      0.65   0.180875          1    0.30634
      0.66   0.177689          1   0.301758
      0.67   0.175967          1   0.299271
      0.68   0.171747          1   0.293147
      0.69   0.166624          1   0.285651
       0.7   0.158831          1   0.274122
      0.71   0.155946          1   0.269815
      0.72   0.147077          1   0.256437
      0.73   0.141178          1   0.247425
      0.74   0.129984          1   0.230063
      0.75   0.120942          1   0.215786
      0.76   0.113623          1    0.20406
      0.77   0.104969          1   0.189994
      0.78  0.0957978          1   0.174846
      0.79  0.0888659          1   0.163227
       0.8  0.0760785          1     0.1414
      0.81  0.0635064          1   0.119428
      0.82   0.056919          1   0.107707
      0.83  0.0501162          1   0.095449
      0.84  0.0438302          1  0.0839795
      0.85  0.0357358          1  0.0690057
      0.86  0.0305261          1  0.0592438
      0.87   0.024154          1  0.0471686
      0.88   0.023379          1  0.0456898
      0.89  0.0211401          1  0.0414049
       0.9   0.018686          1  0.0366864
      0.91  0.0161457          1  0.0317783
      0.92  0.0136916          1  0.0270133
      0.93  0.0123999          1   0.024496
      0.94  0.0123999          1   0.024496
      0.95  0.0116249          1  0.0229826
      0.96  0.0109791          1  0.0217197
      0.97  0.0105485          1  0.0208768
      0.98 0.00800827          1  0.0158893
      0.99 0.00740549          1  0.0147021
