         0          1   0.164811   0.282983
      0.01   0.984091   0.178808   0.302629
      0.02   0.984091   0.179487   0.303601
      0.03   0.984091   0.180701   0.305336
      0.04    0.98371   0.183867   0.309824
      0.05    0.98371   0.186525   0.313589
      0.06   0.982566   0.191762   0.320897
      0.07   0.981328   0.196057   0.326819
      0.08   0.976279   0.204892   0.338701
      0.09   0.972849   0.213498   0.350152
       0.1   0.960846    0.22681   0.366991
      0.11   0.953987   0.239154   0.382435
      0.12   0.945889   0.247275   0.392058
      0.13   0.934172     0.2628   0.410202
      0.14   0.924455   0.272915   0.421419
      0.15   0.909974   0.291908   0.442021
      0.16   0.903496   0.305748   0.456884
      0.17   0.880442   0.323132   0.472757
      0.18   0.861389   0.334029   0.481386
      0.19   0.831571   0.354852   0.497436
       0.2   0.819377    0.36607   0.506053
      0.21   0.801658   0.389457   0.524234
      0.22   0.775555   0.411359   0.537581
      0.23   0.749833    0.42516    0.54264
      0.24    0.73602   0.446743   0.556006
      0.25   0.725064   0.462698   0.564904
      0.26   0.711918   0.488607   0.579493
      0.27   0.686958   0.503876   0.581343
      0.28   0.658379    0.53045   0.587531
      0.29    0.64828   0.544407   0.591821
       0.3   0.619796    0.56622   0.591798
      0.31   0.594837    0.58158   0.588134
      0.32   0.572163   0.595648   0.583669
      0.33   0.530723   0.614478   0.569538
      0.34   0.512337   0.622902   0.562235
      0.35    0.48995   0.634538   0.552948
      0.36   0.468991   0.640988   0.541664
      0.37   0.430123   0.647581   0.516913
      0.38   0.400781   0.655709   0.497489
      0.39    0.38411   0.664449   0.486804
       0.4   0.358102   0.669405   0.466596
      0.41   0.334858   0.688222   0.450515
      0.42   0.319234   0.703608   0.439199
      0.43   0.310755   0.715481   0.433311
      0.44    0.28913   0.735341   0.415062
      0.45   0.279508   0.751278   0.407434
      0.46    0.25836   0.752941   0.384712
      0.47   0.244356   0.755889   0.369321
      0.48   0.210251   0.738609   0.327325
      0.49   0.203582   0.744063   0.319693
       0.5   0.186625   0.719033   0.296336
      0.51   0.171192   0.718861    0.27653
      0.52   0.152996   0.693227   0.250669
      0.53   0.143755     0.6621   0.236222
      0.54   0.130037    0.65641   0.217072
      0.55   0.110508   0.662983   0.189439
      0.56   0.106697   0.670732   0.184107
      0.57   0.100029   0.664384   0.173878
      0.58    0.09517   0.687023   0.167181
      0.59  0.0880252   0.714286   0.156735
       0.6   0.085834   0.719626   0.153374
      0.61  0.0827856    0.71875    0.14847
      0.62  0.0799276   0.711111   0.143703
      0.63  0.0769744   0.708861   0.138869
      0.64  0.0632562   0.685714   0.115827
      0.65  0.0575402   0.666667   0.105937
      0.66   0.049538   0.703704  0.0925601
      0.67  0.0480137   0.755102  0.0902865
      0.68  0.0440126       0.75  0.0831459
      0.69  0.0375345   0.756757  0.0715217
       0.7  0.0375345   0.806452  0.0717305
      0.71  0.0356292   0.814815  0.0682731
      0.72  0.0356292      0.875  0.0684704
      0.73  0.0345813   0.952381  0.0667393
      0.74  0.0333429          1   0.064534
      0.75  0.0332476          1  0.0643555
      0.76  0.0300086          1  0.0582686
      0.77  0.0217205          1  0.0425175
      0.78  0.0217205          1  0.0425175
      0.79  0.0217205          1  0.0425175
       0.8  0.0188625          1  0.0370266
      0.81  0.0179099          1  0.0351895
      0.82 0.00876441          1  0.0173765
      0.83 0.00828808          1  0.0164399
      0.84          0          0          0
      0.85          0          0          0
      0.86          0          0          0
      0.87          0          0          0
      0.88          0          0          0
      0.89          0          0          0
       0.9          0          0          0
      0.91          0          0          0
      0.92          0          0          0
      0.93          0          0          0
      0.94          0          0          0
      0.95          0          0          0
      0.96          0          0          0
      0.97          0          0          0
      0.98          0          0          0
      0.99          0          0          0
