         0          1   0.317058   0.481463
      0.01   0.956434   0.377492   0.541329
      0.02   0.956434   0.377766    0.54161
      0.03   0.956434   0.378182   0.542038
      0.04   0.956434   0.379517   0.543408
      0.05   0.956386    0.38035   0.544254
      0.06   0.956386   0.381804    0.54574
      0.07   0.956288   0.383592   0.547548
      0.08   0.956239   0.387019   0.551022
      0.09   0.955798   0.389171   0.553126
       0.1     0.9557   0.393413   0.557381
      0.11   0.955553   0.398351   0.562293
      0.12   0.954868   0.401873   0.565673
      0.13   0.953742   0.407609   0.571129
      0.14   0.953302     0.4101    0.57349
      0.15    0.95105   0.415908    0.57873
      0.16   0.949924    0.41984   0.582314
      0.17   0.946302   0.425174    0.58673
      0.18   0.943316   0.428408   0.589221
      0.19   0.935973    0.43474   0.593712
       0.2   0.932449   0.439284   0.597215
      0.21   0.928974   0.444179   0.600997
      0.22   0.921288    0.45051   0.605117
      0.23   0.913212   0.454155   0.606625
      0.24   0.902981   0.460987    0.61037
      0.25   0.896911   0.463545   0.611205
      0.26   0.884967   0.468866   0.612973
      0.27   0.879387    0.47416   0.616115
      0.28   0.870821   0.479415   0.618387
      0.29   0.864017   0.483599   0.620114
       0.3   0.851143   0.490909   0.622679
      0.31   0.835479   0.496499   0.622855
      0.32   0.828675   0.499734   0.623478
      0.33    0.81443   0.504905   0.623359
      0.34    0.80234   0.508586    0.62255
      0.35   0.786774   0.515914   0.623184
      0.36   0.777767   0.518597   0.622276
      0.37    0.76269   0.527944   0.623969
      0.38   0.754075   0.534823   0.625801
      0.39   0.737432   0.539713   0.623267
       0.4   0.723188   0.543609    0.62067
      0.41   0.700034   0.548989   0.615378
      0.42   0.684615   0.553571   0.612159
      0.43   0.679133   0.557827   0.612531
      0.44    0.66665   0.564968   0.611612
      0.45   0.661119   0.568093   0.611086
      0.46   0.647168   0.574672   0.608769
      0.47   0.634735   0.581053   0.606709
      0.48   0.622791   0.584596   0.603089
      0.49   0.612022   0.588144   0.599846
       0.5   0.601596   0.591634   0.596573
      0.51   0.587694   0.599757   0.593664
      0.52    0.57668   0.602716   0.589411
      0.53   0.565813   0.607792   0.586052
      0.54   0.560282   0.614861   0.586304
      0.55   0.548093   0.620561    0.58208
      0.56   0.542562   0.625956   0.581283
      0.57   0.526213   0.631095   0.573901
      0.58   0.517451   0.633417   0.569591
      0.59   0.509472   0.637431   0.566313
       0.6   0.498899   0.639019   0.560332
      0.61   0.482745   0.642656    0.55134
      0.62   0.469186    0.64635     0.5437
      0.63   0.465515   0.652726   0.543449
      0.64   0.455969   0.655521   0.537832
      0.65   0.447746   0.657874   0.532842
      0.66   0.435998   0.661437   0.525562
      0.67   0.423369   0.661003   0.516148
      0.68   0.416614   0.667104    0.51291
      0.69   0.411865    0.66948   0.509986
       0.7   0.402173   0.671252   0.502987
      0.71   0.393362   0.675637   0.497232
      0.72   0.388761   0.675611   0.493533
      0.73   0.383279   0.678257   0.489784
      0.74   0.376915   0.678625    0.48465
      0.75   0.368153    0.68219   0.478225
      0.76   0.357482   0.685234   0.469848
      0.77   0.347741   0.686575   0.461658
      0.78   0.341573   0.687604   0.456417
      0.79   0.332664   0.687572   0.448388
       0.8   0.326937   0.688967   0.443445
      0.81   0.321455   0.690447   0.438674
      0.82   0.315238   0.692643    0.43328
      0.83   0.310049   0.696679   0.429123
      0.84   0.297714   0.697951   0.417389
      0.85   0.292966   0.699527   0.412975
      0.86   0.283959   0.698887   0.403838
      0.87   0.276763        0.7   0.396686
      0.88   0.268785   0.701767   0.388695
      0.89   0.263743   0.705971    0.38402
       0.9   0.258554   0.704651     0.3783
      0.91   0.253072   0.706305   0.372629
      0.92   0.251701   0.710804   0.371759
      0.93   0.250037   0.715474    0.37057
      0.94    0.24617   0.715736    0.36634
      0.95   0.241764   0.718668   0.361812
      0.96   0.240296   0.719392   0.360256
      0.97    0.23359   0.717033   0.352383
      0.98   0.232757   0.721235   0.351937
      0.99   0.224583    0.73249   0.343766
