         0          1    0.28722   0.446264
      0.01   0.883608   0.379045   0.530514
      0.02   0.883608   0.379374   0.530836
      0.03   0.883608   0.379839   0.531291
      0.04   0.883608   0.381288   0.532706
      0.05   0.883608   0.382355   0.533747
      0.06   0.883302   0.384132   0.535419
      0.07   0.883251   0.385559   0.536794
      0.08   0.879014   0.388368   0.538718
      0.09   0.875287   0.389515   0.539116
       0.1   0.871612   0.394496   0.543157
      0.11   0.868855   0.398184   0.546099
      0.12   0.863393   0.401948    0.54853
      0.13   0.852213   0.407522   0.551379
      0.14   0.845883   0.410223   0.552502
      0.15   0.840063   0.413617   0.554311
      0.16   0.834601   0.415369   0.554681
      0.17   0.823013   0.419174   0.555449
      0.18   0.817193   0.421061   0.555764
      0.19   0.805197   0.424144   0.555614
       0.2   0.801521   0.427266   0.557399
      0.21   0.795038   0.431448    0.55935
      0.22   0.788759   0.436298   0.561825
      0.23   0.785083   0.438751   0.562913
      0.24   0.775588   0.441556   0.562736
      0.25   0.756496   0.442472   0.558361
      0.26   0.740569   0.443579   0.554831
      0.27   0.731992   0.444395   0.553039
      0.28   0.723774   0.447239   0.552855
      0.29   0.716371   0.449207   0.552171
       0.3   0.702486   0.448835   0.547719
      0.31   0.688958    0.45097   0.545121
      0.32   0.678085   0.452304   0.542646
      0.33   0.666088   0.453219   0.539412
      0.34    0.66032   0.454173   0.538181
      0.35   0.646026   0.455837   0.534517
      0.36   0.638011   0.456262   0.532043
      0.37   0.631171   0.459387   0.531749
      0.38   0.625147   0.460112   0.530081
      0.39   0.610904   0.461044   0.525499
       0.4   0.607229   0.462144   0.524845
      0.41   0.593088    0.46037   0.518369
      0.42   0.584767   0.460388   0.515177
      0.43   0.579509   0.461863   0.514041
      0.44   0.563428   0.461735   0.507538
      0.45    0.55378   0.460607   0.502915
      0.46   0.542651   0.459684   0.497734
      0.47   0.533871   0.459162   0.493706
      0.48    0.52213   0.456336   0.487021
      0.49   0.510848   0.453375   0.480399
       0.5   0.497218    0.45041   0.472658
      0.51   0.479555   0.443997   0.461092
      0.52   0.468937   0.439578   0.453783
      0.53    0.45209   0.433683   0.442696
      0.54   0.439226   0.430218   0.434676
      0.55   0.419879   0.425038   0.422443
      0.56   0.411762   0.421328    0.41649
      0.57   0.401399   0.418241   0.409647
      0.58   0.391393   0.416598   0.403602
      0.59    0.38445   0.418399   0.400707
       0.6   0.375874   0.419025   0.396279
      0.61   0.364797   0.416162    0.38879
      0.62   0.355148   0.413685   0.382188
      0.63   0.347593   0.411423   0.376824
      0.64   0.338762   0.413445   0.372396
      0.65   0.335086   0.412414    0.36975
      0.66    0.32457    0.40634   0.360881
      0.67   0.316351   0.403789   0.354762
      0.68    0.29828   0.397266   0.340729
      0.69    0.28664   0.395433    0.33236
       0.7   0.272551   0.392827   0.321818
      0.71   0.265608   0.390854   0.316283
      0.72   0.262698   0.393363   0.315019
      0.73   0.252999   0.393813   0.308078
      0.74   0.241819   0.396841   0.300516
      0.75     0.2336   0.404642   0.296203
      0.76     0.2263    0.40505   0.290371
      0.77   0.212619   0.408141   0.279588
      0.78   0.205524    0.41049   0.273908
      0.79   0.193425   0.413357   0.263533
       0.8   0.187861   0.415842   0.258804
      0.81   0.183726   0.419417   0.255521
      0.82   0.180305    0.42964   0.254011
      0.83   0.175609   0.435552     0.2503
      0.84   0.161979   0.433735   0.235871
      0.85   0.159988   0.439844   0.234631
      0.86   0.157027    0.45598   0.233606
      0.87   0.153351   0.470123   0.231265
      0.88   0.146051    0.49378   0.225426
      0.89   0.144469   0.519013   0.226023
       0.9   0.141967   0.534141   0.224315
      0.91   0.135382   0.546856   0.217034
      0.92   0.133851       0.56   0.216059
      0.93    0.12849    0.56393   0.209294
      0.94   0.120884   0.568794   0.199392
      0.95   0.110879   0.580595   0.186198
      0.96    0.10853   0.597663   0.183702
      0.97   0.101077   0.634429   0.174373
      0.98  0.0944918   0.668094   0.165567
      0.99  0.0885701   0.709924   0.157492
