         0          1   0.273534   0.429567
      0.01    0.97807   0.363534   0.530055
      0.02    0.97807   0.363447   0.529962
      0.03    0.97807   0.363954   0.530501
      0.04    0.97807   0.365016   0.531629
      0.05    0.97807   0.366037    0.53271
      0.06    0.97807   0.367929   0.534711
      0.07   0.977974   0.368798   0.535614
      0.08   0.977974   0.371908   0.538886
      0.09   0.977877   0.373733   0.540784
       0.1    0.97657   0.377435   0.544447
      0.11    0.97594   0.381829   0.548904
      0.12   0.975166   0.384573   0.551609
      0.13   0.974294   0.389303   0.556316
      0.14   0.971583    0.39179   0.558404
      0.15   0.969744    0.39734   0.563708
      0.16   0.968873   0.402002   0.568234
      0.17   0.967178   0.407901   0.573804
      0.18   0.965871    0.41215   0.577761
      0.19   0.963644   0.416594   0.581709
       0.2   0.961756   0.420032   0.584704
      0.21   0.960498   0.425975     0.5902
      0.22   0.958658   0.432315   0.595903
      0.23   0.957206   0.436483   0.599566
      0.24   0.954253   0.442818   0.604923
      0.25   0.951251   0.447938    0.60907
      0.26   0.947911   0.454203   0.614136
      0.27   0.945442    0.45776   0.616854
      0.28   0.941763   0.463502   0.621248
      0.29   0.940408   0.467001   0.624085
       0.3   0.938326   0.472222   0.628264
      0.31   0.930629   0.477229    0.63092
      0.32   0.929661   0.480078   0.633181
      0.33   0.925207   0.485783    0.63707
      0.34   0.921383   0.488389   0.638391
      0.35   0.916445   0.493579   0.641603
      0.36   0.914557   0.496946   0.643973
      0.37   0.907828    0.50171   0.646264
      0.38   0.904584   0.505503    0.64857
      0.39   0.899066   0.510407   0.651151
       0.4   0.892918    0.51381    0.65228
      0.41   0.887351   0.517716   0.653913
      0.42   0.877039   0.521331   0.653944
      0.43   0.872828   0.524904   0.655563
      0.44   0.864453   0.528023   0.655596
      0.45   0.859176   0.530981   0.656337
      0.46   0.846686   0.536042    0.65647
      0.47   0.842717   0.539359   0.657746
      0.48   0.832938   0.542798   0.657273
      0.49   0.825047   0.544686   0.656174
       0.5   0.812412   0.548352   0.654761
      0.51   0.791451   0.548271   0.647791
      0.52   0.782011   0.550603   0.646215
      0.53   0.764874   0.550279   0.640069
      0.54   0.751948   0.551829   0.636531
      0.55   0.728373   0.550568   0.627111
      0.56   0.715883   0.551024   0.622727
      0.57   0.693082    0.55027   0.613474
      0.58   0.676817    0.54999   0.606847
      0.59   0.662052   0.546949   0.599021
       0.6     0.6423   0.544482    0.58936
      0.61   0.614804   0.541149    0.57563
      0.62    0.58479   0.536368   0.559533
      0.63   0.562134    0.53306   0.547211
      0.64   0.542334   0.532051   0.537144
      0.65   0.526359   0.530061   0.528203
      0.66   0.496636   0.528769   0.512199
      0.67   0.482306   0.526815   0.503579
      0.68   0.463039   0.527752   0.493282
      0.69   0.453164   0.527849   0.487663
       0.7   0.424215   0.529095   0.470886
      0.71   0.404173   0.534598   0.460325
      0.72   0.391151   0.538128   0.453016
      0.73   0.375563   0.545523   0.444862
      0.74   0.370625    0.55048   0.442993
      0.75   0.359491   0.558297   0.437362
      0.76   0.356199   0.564634   0.436826
      0.77   0.347001   0.574307   0.432614
      0.78   0.342451   0.583261   0.431534
      0.79   0.334995   0.590463   0.427469
       0.8   0.332139   0.598723   0.427259
      0.81   0.327105   0.609125   0.425638
      0.82   0.319117   0.618191    0.42094
      0.83    0.31781   0.623512   0.421021
      0.84   0.315922   0.635385   0.422013
      0.85   0.313501   0.643678   0.421643
      0.86   0.311371     0.6548   0.422049
      0.87   0.307547   0.663722   0.420328
      0.88    0.30716   0.675141   0.422225
      0.89    0.30624   0.681792   0.422642
       0.9   0.303723   0.697509   0.423177
      0.91   0.298252   0.711315   0.420282
      0.92   0.298059   0.719157   0.421447
      0.93   0.295493   0.738907   0.422161
      0.94   0.292298   0.749835   0.420628
      0.95   0.292056   0.762928    0.42241
      0.96   0.292056   0.777092   0.424552
      0.97   0.291378   0.797872   0.426867
      0.98   0.291378   0.809661   0.428536
      0.99   0.290894   0.826152   0.430283
