         0          1   0.279386    0.43675
      0.01   0.935928   0.348568   0.507957
      0.02   0.935903   0.349525   0.508969
      0.03    0.93579   0.350751   0.510251
      0.04   0.935456    0.35356   0.513166
      0.05   0.934953   0.355988   0.515642
      0.06    0.93359   0.360211   0.519848
      0.07    0.93232   0.363589   0.523156
      0.08   0.929604   0.369399   0.528705
      0.09   0.927113   0.373516   0.532498
       0.1   0.922799   0.380646   0.538971
      0.11   0.917821   0.388186    0.54561
      0.12    0.91381   0.393481   0.550095
      0.13   0.906743   0.401678    0.55673
      0.14   0.900999    0.40721   0.560913
      0.15   0.891917   0.415745   0.567135
      0.16   0.885267    0.42149   0.571079
      0.17   0.874816   0.430368   0.576919
      0.18   0.867346    0.43631    0.58057
      0.19   0.854175   0.445543   0.585622
       0.2   0.845891   0.451635   0.588865
      0.21   0.832947   0.460604   0.593187
      0.22   0.819538   0.469888   0.597306
      0.23   0.809392    0.47567   0.599198
      0.24   0.795603    0.48432   0.602108
      0.25   0.786215   0.490114   0.603818
      0.26   0.771215   0.498736   0.605744
      0.27   0.761183   0.504382   0.606728
      0.28   0.746323   0.512893   0.607972
      0.29   0.735787   0.518096   0.608044
       0.3   0.719523   0.526215   0.607871
      0.31   0.703261   0.534587   0.607432
      0.32   0.692547    0.54009    0.60689
      0.33   0.676996   0.548485   0.606003
      0.34   0.666531   0.554069   0.605119
      0.35   0.652092   0.562401   0.603935
      0.36   0.641784   0.567885   0.602577
      0.37   0.626649   0.576126   0.600327
      0.38   0.616805   0.581393   0.598576
      0.39   0.602033   0.588823   0.595355
       0.4   0.592504   0.593806   0.593154
      0.41   0.577965   0.600538   0.589036
      0.42   0.562905   0.607546   0.584374
      0.43   0.554164   0.612189   0.581733
      0.44   0.540231    0.61893   0.576909
      0.45   0.531489   0.623133   0.573674
      0.46   0.518278    0.62949   0.568496
      0.47   0.508873   0.633768   0.564495
      0.48   0.495825    0.63916   0.558442
      0.49   0.487326   0.642774   0.554359
       0.5   0.474923   0.647889   0.548084
      0.51   0.461922   0.653114   0.541126
      0.52   0.453682   0.657046   0.536747
      0.53    0.44072   0.661999   0.529158
      0.54   0.432934   0.665631   0.524638
      0.55    0.42061   0.671265   0.517167
      0.56    0.41322   0.674619   0.512514
      0.57   0.401261   0.679442   0.504548
      0.58   0.394019   0.682983   0.499736
      0.59   0.383834    0.68885   0.492976
       0.6   0.376752    0.69252   0.488011
      0.61   0.366228   0.696547   0.480054
      0.62   0.356519    0.70057   0.472555
      0.63   0.349423    0.70355   0.466938
      0.64   0.339899   0.707921    0.45928
      0.65   0.334046   0.710833   0.454504
      0.66   0.325625   0.715367   0.447537
      0.67   0.319852   0.718039   0.442563
      0.68   0.311674   0.722129   0.435419
      0.69   0.306551   0.725156   0.430931
       0.7   0.298723   0.729728   0.423912
      0.71    0.29077   0.734023   0.416536
      0.72   0.285471   0.736475   0.411455
      0.73   0.277254   0.740432    0.40344
      0.74   0.272259   0.742796   0.398467
      0.75   0.265724   0.747602   0.392087
      0.76   0.261296   0.750608   0.387647
      0.77   0.254507   0.754915   0.380676
      0.78   0.249957   0.758066   0.375951
      0.79   0.243471   0.762713   0.369115
       0.8   0.238684   0.765506   0.363903
      0.81     0.2324    0.77094    0.35714
      0.82   0.226994   0.775942   0.351237
      0.83   0.222843   0.779219   0.346572
      0.84   0.216698   0.784125   0.339557
      0.85   0.212616   0.787514   0.334833
      0.86   0.207636   0.792005   0.329015
      0.87   0.203508   0.795084   0.324068
      0.88   0.197727    0.80054   0.317126
      0.89   0.194654   0.803839   0.313414
       0.9   0.189481   0.808468   0.307008
      0.91   0.184071   0.812939   0.300174
      0.92   0.180725   0.816489   0.295944
      0.93   0.175966   0.821634   0.289855
      0.94   0.172673   0.824953   0.285572
      0.95   0.167679   0.829848   0.278987
      0.96   0.164802   0.833291   0.275181
      0.97   0.159695   0.838858    0.26831
      0.98   0.156874    0.84204   0.264476
      0.99   0.152223   0.847662   0.258097
