    119082        0.4   0.769068   0.768704   0.768886
     58060          0          1   0.374026   0.544424
     42049       0.48   0.921966   0.962305   0.941704
     24077       0.09   0.885393   0.534405   0.666515
     78004       0.34   0.832622   0.754953   0.791888
     45096   0.138889    0.82516   0.736342   0.778225
     38092       0.39   0.822364   0.769231    0.79491
     43074   0.223232   0.678407   0.739841   0.707794
     16077       0.38   0.693518   0.518852   0.593603
     86000       0.22   0.846328    0.49385   0.623737
    101085       0.43   0.794502    0.79863    0.79656
     89072       0.23   0.785083   0.438751   0.562913
    126007       0.24   0.818319     0.6438   0.720644
     76053       0.18   0.717289   0.627182   0.669216
     86016       0.14   0.845217   0.464576   0.599587
    103070   0.249091   0.697776   0.541477    0.60977
      8023       0.01   0.987393   0.192998   0.322885
     41033       0.34   0.698078   0.650482    0.67344
    109053       0.18   0.812815   0.371613   0.510039
    130026       0.68   0.399074   0.536571   0.457719
    108082       0.25   0.719233   0.197212   0.309546
     69040          0          1   0.319512   0.484288
     14037       0.28   0.598036   0.725763   0.655737
     54082       0.08   0.852466   0.616141   0.715289
     62096        0.9   0.714471   0.890815   0.792957
     12084       0.21   0.912052   0.321383   0.475287
     69015       0.27   0.795218   0.838674   0.816368
     97033       0.47   0.842717   0.539359   0.657746
     19021       0.28   0.835418   0.708078   0.766495
     86068   0.294848    0.63447   0.554983   0.592071
      3096        0.1   0.809274   0.791822   0.800453
     41069        0.4   0.695085   0.676128   0.685475
     21077       0.29   0.860476   0.628408   0.726356
    108070          0          1   0.230724    0.37494
    123074       0.37   0.547629   0.359758   0.434244
     38082       0.21   0.808043   0.509189   0.624714
     33039       0.61     0.6875   0.440144   0.536693
    108005       0.22   0.788964   0.411755   0.541109
    106024       0.37   0.608337   0.847324   0.708212
    102061       0.31   0.760338    0.39216    0.51744
     37073       0.08   0.937225   0.830672   0.880737
     65033       0.28   0.719994   0.642939   0.679288
     55073       0.25   0.795234   0.524571   0.632149
     66053       0.25   0.755078   0.561795   0.644252
     85048       0.46     0.7678   0.690408   0.727051
     42012       0.03    0.87521   0.480109    0.62007
     87046       0.38   0.754075   0.534823   0.625801
    105025       0.43   0.666731   0.562221   0.610032
    101087       0.27   0.855215   0.847107   0.851142
     69020       0.29    0.81615   0.650173   0.723767
